GlobalFrame,Timestamp,Speed,X,Y,condition,source_file,Segment_index,turning_angle,worm_id,Segment
8102.0,2025-04-17T21:34:08.003687,3.755520234584637,0.4771881634529099,0.5513471513931143,terbinafine,coordinates_highestspeed_20250415_9_1_with_time_speed.csv,9.0,0.010514212055410005,20250415_piworm09_1,9.0
8103.0,2025-04-17T21:34:10.003293,3.755520234584637,0.4718620966952075,0.5558453742699404,terbinafine,coordinates_highestspeed_20250415_9_1_with_time_speed.csv,9.0,0.010514212055410005,20250415_piworm09_1,9.0
8104.0,2025-04-17T21:34:12.003369,0.15719231464799566,0.47088219366115996,0.5566189993619338,terbinafine,coordinates_highestspeed_20250415_9_1_with_time_speed.csv,9.0,0.9257367040540602,20250415_piworm09_1,9.0
8105.0,2025-04-17T21:34:14.003351,-0.2657518502297543,0.47126097207624346,0.5561401016958782,terbinafine,coordinates_highestspeed_20250415_9_1_with_time_speed.csv,9.0,0.09258092831532007,20250415_piworm09_1,9.0
8106.0,2025-04-17T21:34:16.003310,3.3551165976745962,0.4762349799732977,0.5526580895739774,terbinafine,coordinates_highestspeed_20250415_9_1_with_time_speed.csv,9.0,-0.03389365475853632,20250415_piworm09_1,9.0
8107.0,2025-04-17T21:34:18.003365,-0.024551143173172252,0.47696929238985314,0.5520176327056766,terbinafine,coordinates_highestspeed_20250415_9_1_with_time_speed.csv,9.0,-0.9029261110092299,20250415_piworm09_1,9.0
8108.0,2025-04-17T21:34:20.003334,1.6056484722762798,0.47382385553619516,0.5533932248647914,terbinafine,coordinates_highestspeed_20250415_9_1_with_time_speed.csv,9.0,0.018558638928286075,20250415_piworm09_1,9.0
8109.0,2025-04-17T21:34:22.003302,0.6389543431094048,0.47197121197361863,0.5540778262289634,terbinafine,coordinates_highestspeed_20250415_9_1_with_time_speed.csv,9.0,0.04645216383718693,20250415_piworm09_1,9.0
8110.0,2025-04-17T21:34:24.003365,0.9318137350941224,0.46960653420246606,0.554576970975306,terbinafine,coordinates_highestspeed_20250415_9_1_with_time_speed.csv,9.0,0.011061299292285281,20250415_piworm09_1,9.0
8111.0,2025-04-17T21:34:26.003338,1.2761817192011777,0.46671433599052575,0.5550832071772126,terbinafine,coordinates_highestspeed_20250415_9_1_with_time_speed.csv,9.0,-0.013988950764168938,20250415_piworm09_1,9.0
8112.0,2025-04-17T21:34:28.003292,0.8572852439075702,0.4644641130703006,0.5555798535979005,terbinafine,coordinates_highestspeed_20250415_9_1_with_time_speed.csv,9.0,0.08401815956480374,20250415_piworm09_1,9.0
8113.0,2025-04-17T21:34:30.003378,1.63214112647065,0.46099486815754337,0.5554176401869159,terbinafine,coordinates_highestspeed_20250415_9_1_with_time_speed.csv,9.0,-0.9868372049086345,20250415_piworm09_1,9.0
8114.0,2025-04-17T21:34:32.003346,1.521800574186843,0.4642886680766095,0.555708496284131,terbinafine,coordinates_highestspeed_20250415_9_1_with_time_speed.csv,9.0,-0.03806922168616327,20250415_piworm09_1,9.0
8115.0,2025-04-17T21:34:34.003311,2.323940475409656,0.46880284824210056,0.5555661516943226,terbinafine,coordinates_highestspeed_20250415_9_1_with_time_speed.csv,9.0,-0.09412263522074502,20250415_piworm09_1,9.0
8116.0,2025-04-17T21:34:36.003364,-0.5515586886554614,0.46897284847411086,0.555508450445776,terbinafine,coordinates_highestspeed_20250415_9_1_with_time_speed.csv,9.0,-0.9571841696987929,20250415_piworm09_1,9.0
8117.0,2025-04-17T21:34:38.003327,0.8998128485399782,0.46664817158809146,0.5559620619700727,terbinafine,coordinates_highestspeed_20250415_9_1_with_time_speed.csv,9.0,-0.05114393583449773,20250415_piworm09_1,9.0
8118.0,2025-04-17T21:34:40.003298,0.8653865966313997,0.4644747213151672,0.5567637707036424,terbinafine,coordinates_highestspeed_20250415_9_1_with_time_speed.csv,9.0,0.01032315489331018,20250415_piworm09_1,9.0
8119.0,2025-04-17T21:34:42.003367,1.1933741352893048,0.4618069994965966,0.5576506380091488,terbinafine,coordinates_highestspeed_20250415_9_1_with_time_speed.csv,9.0,-0.007585890707414728,20250415_piworm09_1,9.0
8120.0,2025-04-17T21:34:44.003332,0.571225501602782,0.460044286691198,0.5582836736244532,terbinafine,coordinates_highestspeed_20250415_9_1_with_time_speed.csv,9.0,0.9942808178756469,20250415_piworm09_1,9.0
8121.0,2025-04-17T21:34:46.003291,1.8854514986691584,0.4636485010316786,0.5569157144591057,terbinafine,coordinates_highestspeed_20250415_9_1_with_time_speed.csv,9.0,0.10151308023091517,20250415_piworm09_1,9.0
8122.0,2025-04-17T21:34:48.003368,0.5227219047253872,0.46544655410754165,0.5568368444061108,terbinafine,coordinates_highestspeed_20250415_9_1_with_time_speed.csv,9.0,-0.7033487544960089,20250415_piworm09_1,9.0
8123.0,2025-04-17T21:34:50.003324,-0.6316856165057253,0.46540953687485453,0.5567913180877255,terbinafine,coordinates_highestspeed_20250415_9_1_with_time_speed.csv,9.0,-0.45981371864308346,20250415_piworm09_1,9.0
8124.0,2025-04-17T21:34:52.003296,2.5059190880489175,0.46134136295202116,0.5593216487231202,terbinafine,coordinates_highestspeed_20250415_9_1_with_time_speed.csv,9.0,-0.027937841164052873,20250415_piworm09_1,9.0
8125.0,2025-04-17T21:34:54.003375,1.7108087666779732,0.4584695128950214,0.5614786532873394,terbinafine,coordinates_highestspeed_20250415_9_1_with_time_speed.csv,9.0,0.007209702157717212,20250415_piworm09_1,9.0
8126.0,2025-04-17T21:34:56.003332,1.3135731638146713,0.45603662025557884,0.5632211996948312,terbinafine,coordinates_highestspeed_20250415_9_1_with_time_speed.csv,9.0,-0.010191931955199877,20250415_piworm09_1,9.0
8127.0,2025-04-17T21:34:58.003296,1.9493119781084844,0.4528995181981773,0.5656237301909793,terbinafine,coordinates_highestspeed_20250415_9_1_with_time_speed.csv,9.0,-0.020035059045538737,20250415_piworm09_1,9.0
8128.0,2025-04-17T21:35:00.003366,1.9782763052028298,0.44988680559586697,0.5682475184303709,terbinafine,coordinates_highestspeed_20250415_9_1_with_time_speed.csv,9.0,-0.016404556321445704,20250415_piworm09_1,9.0
8129.0,2025-04-17T21:35:02.003335,1.4662416886476006,0.4475687209113709,0.5704865053716481,terbinafine,coordinates_highestspeed_20250415_9_1_with_time_speed.csv,9.0,0.04753297672297206,20250415_piworm09_1,9.0
8130.0,2025-04-17T21:35:04.003296,1.8069468231245414,0.4445247257781617,0.5726537343909527,terbinafine,coordinates_highestspeed_20250415_9_1_with_time_speed.csv,9.0,-0.10493828933417935,20250415_piworm09_1,9.0
8131.0,2025-04-17T21:35:06.003374,1.8384866251353855,0.4423185286338693,0.57572834755593,terbinafine,coordinates_highestspeed_20250415_9_1_with_time_speed.csv,9.0,-0.08024130890198584,20250415_piworm09_1,9.0
8132.0,2025-04-17T21:35:08.003343,0.917441252489857,0.4414516975014305,0.5779610909784476,terbinafine,coordinates_highestspeed_20250415_9_1_with_time_speed.csv,9.0,-0.8699280840430731,20250415_piworm09_1,9.0
8133.0,2025-04-17T21:35:10.003299,0.5909752126383068,0.44278843199579915,0.5766070241493539,terbinafine,coordinates_highestspeed_20250415_9_1_with_time_speed.csv,9.0,-0.06017763759270492,20250415_piworm09_1,9.0
8134.0,2025-04-17T21:35:12.003364,2.048869903157251,0.44507004814866274,0.573198654012288,terbinafine,coordinates_highestspeed_20250415_9_1_with_time_speed.csv,9.0,-0.013772216395719933,20250415_piworm09_1,9.0
8135.0,2025-04-17T21:35:14.003339,0.5242418963165968,0.4460067969413764,0.5716591819395558,terbinafine,coordinates_highestspeed_20250415_9_1_with_time_speed.csv,9.0,0.9462713301409947,20250415_piworm09_1,9.0
8136.0,2025-04-17T21:35:16.003299,-0.03773586937064962,0.44565467134473874,0.5725463408575776,terbinafine,coordinates_highestspeed_20250415_9_1_with_time_speed.csv,9.0,-0.010463899650963046,20250415_piworm09_1,9.0
8137.0,2025-04-17T21:35:18.003377,1.4243518198495588,0.44458618091448665,0.5755198350275614,terbinafine,coordinates_highestspeed_20250415_9_1_with_time_speed.csv,9.0,0.9097684093913878,20250415_piworm09_1,9.0
8138.0,2025-04-17T21:35:20.003340,-0.11222172249836716,0.4446379391523642,0.574679282521623,terbinafine,coordinates_highestspeed_20250415_9_1_with_time_speed.csv,9.0,0.15348965879715978,20250415_piworm09_1,9.0
8139.0,2025-04-17T21:35:22.003297,2.187836047124629,0.4468681246356645,0.5709898017387816,terbinafine,coordinates_highestspeed_20250415_9_1_with_time_speed.csv,9.0,0.006764255874246114,20250415_piworm09_1,9.0
8140.0,2025-04-17T21:35:24.003370,0.5596697557780705,0.44786151650476497,0.5694226127447434,terbinafine,coordinates_highestspeed_20250415_9_1_with_time_speed.csv,9.0,-0.12930270350010772,20250415_piworm09_1,9.0
8141.0,2025-04-17T21:35:26.003350,-0.2423040073921138,0.4479636214622797,0.5687847823500641,terbinafine,coordinates_highestspeed_20250415_9_1_with_time_speed.csv,9.0,-0.8897070455044948,20250415_piworm09_1,9.0
8142.0,2025-04-17T21:35:28.003292,1.0526858873565776,0.4467056398823026,0.5710591468235965,terbinafine,coordinates_highestspeed_20250415_9_1_with_time_speed.csv,9.0,-0.1291105609925786,20250415_piworm09_1,9.0
8143.0,2025-04-17T21:35:30.003364,-0.1637464000181629,0.44662961468003853,0.5718197907287236,terbinafine,coordinates_highestspeed_20250415_9_1_with_time_speed.csv,9.0,-0.8406746849350052,20250415_piworm09_1,9.0
8144.0,2025-04-17T21:35:32.003334,1.434986577622601,0.44842314023876495,0.5691990615318807,terbinafine,coordinates_highestspeed_20250415_9_1_with_time_speed.csv,9.0,-0.0037338754144538126,20250415_piworm09_1,9.0
8145.0,2025-04-17T21:35:34.003300,0.09080754904197641,0.4490605359992185,0.5682438373115374,terbinafine,coordinates_highestspeed_20250415_9_1_with_time_speed.csv,9.0,-0.974986363482209,20250415_piworm09_1,9.0
8146.0,2025-04-17T21:35:36.003374,0.7954784889858917,0.44769263308173274,0.5699810969080886,terbinafine,coordinates_highestspeed_20250415_9_1_with_time_speed.csv,9.0,-0.017790392334045495,20250415_piworm09_1,9.0
8147.0,2025-04-17T21:35:38.003333,0.5787906599989205,0.4466114308711456,0.5715243929705316,terbinafine,coordinates_highestspeed_20250415_9_1_with_time_speed.csv,9.0,0.9621781758184055,20250415_piworm09_1,9.0
8148.0,2025-04-17T21:35:40.003293,-0.047480522265444546,0.4470556210870157,0.5706962033520422,terbinafine,coordinates_highestspeed_20250415_9_1_with_time_speed.csv,9.0,0.05039365922143138,20250415_piworm09_1,9.0
8149.0,2025-04-17T21:35:42.003370,2.472457444142017,0.44992676319234703,0.5669241837012456,terbinafine,coordinates_highestspeed_20250415_9_1_with_time_speed.csv,9.0,-0.12361903525781293,20250415_piworm09_1,9.0
8150.0,2025-04-17T21:35:44.003337,0.006855025717425157,0.4501916533873121,0.5659373788707524,terbinafine,coordinates_highestspeed_20250415_9_1_with_time_speed.csv,9.0,0.33153238293161696,20250415_piworm09_1,9.0
8151.0,2025-04-17T21:35:46.003293,-0.5027751427415731,0.45043578704189857,0.5658705990009151,terbinafine,coordinates_highestspeed_20250415_9_1_with_time_speed.csv,9.0,-0.25144073597811406,20250415_piworm09_1,9.0
8152.0,2025-04-17T21:35:48.003362,-0.4529284913861165,0.4505971532170398,0.5655847140449561,terbinafine,coordinates_highestspeed_20250415_9_1_with_time_speed.csv,9.0,0.24481894930563797,20250415_piworm09_1,9.0
8153.0,2025-04-17T21:35:50.003350,-0.6494171197921308,0.4506277730576796,0.5655756496877992,terbinafine,coordinates_highestspeed_20250415_9_1_with_time_speed.csv,9.0,0.5271774640524398,20250415_piworm09_1,9.0
8154.0,2025-04-17T21:35:52.003340,-0.5072839169105273,0.4506772919448153,0.5658169225634179,terbinafine,coordinates_highestspeed_20250415_9_1_with_time_speed.csv,9.0,0.30910108229573213,20250415_piworm09_1,9.0
8155.0,2025-04-17T21:35:54.003373,1.0037754445770577,0.44892179471618726,0.5676322638939462,terbinafine,coordinates_highestspeed_20250415_9_1_with_time_speed.csv,9.0,0.9918034551027246,20250415_piworm09_1,9.0
8156.0,2025-04-17T21:35:56.003345,-0.07106627405038843,0.4495334242448041,0.5669662937392459,terbinafine,coordinates_highestspeed_20250415_9_1_with_time_speed.csv,9.0,-0.014689101118852564,20250415_piworm09_1,9.0
8157.0,2025-04-17T21:35:58.003302,3.6567683434059517,0.4537217135537739,0.5619607869714611,terbinafine,coordinates_highestspeed_20250415_9_1_with_time_speed.csv,9.0,0.14082596913952064,20250415_piworm09_1,9.0
8158.0,2025-04-17T21:36:00.003380,0.36213938888003083,0.4551364436070524,0.5613091598767203,terbinafine,coordinates_highestspeed_20250415_9_1_with_time_speed.csv,9.0,0.8152157513460437,20250415_piworm09_1,9.0
8159.0,2025-04-17T21:36:02.003388,1.0974149969763303,0.4537230743353342,0.5635703247374451,terbinafine,coordinates_highestspeed_20250415_9_1_with_time_speed.csv,9.0,-0.006203730117877662,20250415_piworm09_1,9.0
8160.0,2025-04-17T21:36:04.003301,2.122541347710613,0.4515602449690005,0.5671853969935622,terbinafine,coordinates_highestspeed_20250415_9_1_with_time_speed.csv,9.0,-0.2305253907486475,20250415_piworm09_1,9.0
8161.0,2025-04-17T21:36:06.003387,0.33243605835742135,0.45183860967165257,0.568672354099251,terbinafine,coordinates_highestspeed_20250415_9_1_with_time_speed.csv,9.0,0.2644863831530661,20250415_piworm09_1,9.0
8162.0,2025-04-17T21:36:08.003342,1.6793464293339184,0.4497054273422765,0.5715027443999406,terbinafine,coordinates_highestspeed_20250415_9_1_with_time_speed.csv,9.0,0.012038886892063649,20250415_piworm09_1,9.0
8163.0,2025-04-17T21:36:10.003301,0.7354691078295601,0.4483659371916178,0.5731468044348987,terbinafine,coordinates_highestspeed_20250415_9_1_with_time_speed.csv,9.0,-0.06441926678081442,20250415_piworm09_1,9.0
8164.0,2025-04-17T21:36:12.003383,1.3934205841888645,0.4469248663428968,0.575906157263542,terbinafine,coordinates_highestspeed_20250415_9_1_with_time_speed.csv,9.0,-0.014536245555863046,20250415_piworm09_1,9.0
8165.0,2025-04-17T21:36:14.003337,1.2828737898141227,0.4456816208018458,0.5785772615915071,terbinafine,coordinates_highestspeed_20250415_9_1_with_time_speed.csv,9.0,-0.059817096141929156,20250415_piworm09_1,9.0
8166.0,2025-04-17T21:36:16.003294,2.9381589164942277,0.444347179887649,0.5838539436229438,terbinafine,coordinates_highestspeed_20250415_9_1_with_time_speed.csv,9.0,0.12330686990009636,20250415_piworm09_1,9.0
8167.0,2025-04-17T21:36:18.003371,-0.06084146596452556,0.44380161202591106,0.5845942738466102,terbinafine,coordinates_highestspeed_20250415_9_1_with_time_speed.csv,9.0,-0.1390093337809968,20250415_piworm09_1,9.0
8168.0,2025-04-17T21:36:20.003333,0.7081981490551278,0.44339179789186195,0.5866330144911632,terbinafine,coordinates_highestspeed_20250415_9_1_with_time_speed.csv,9.0,0.1962627158151276,20250415_piworm09_1,9.0
8169.0,2025-04-17T21:36:22.003290,-0.6068708866772051,0.443321865050837,0.5866989319092123,terbinafine,coordinates_highestspeed_20250415_9_1_with_time_speed.csv,9.0,0.8471938578928713,20250415_piworm09_1,9.0
8170.0,2025-04-17T21:36:24.003422,3.755520234584637,0.44649343229108973,0.5775852519516561,terbinafine,coordinates_highestspeed_20250415_9_1_with_time_speed.csv,9.0,-0.40076662514622075,20250415_piworm09_1,9.0
8171.0,2025-04-17T21:36:26.003339,-0.595139932668968,0.4464026108885922,0.5775166889185581,terbinafine,coordinates_highestspeed_20250415_9_1_with_time_speed.csv,9.0,-0.6014641711443597,20250415_piworm09_1,9.0
8172.0,2025-04-17T21:36:28.003296,1.0957610379356686,0.44554467685308813,0.5800388171883499,terbinafine,coordinates_highestspeed_20250415_9_1_with_time_speed.csv,9.0,0.020122943239809236,20250415_piworm09_1,9.0
8173.0,2025-04-17T21:36:30.003369,0.800169611637716,0.44469906807750303,0.582089552238806,terbinafine,coordinates_highestspeed_20250415_9_1_with_time_speed.csv,9.0,-0.04456123434430052,20250415_piworm09_1,9.0
8174.0,2025-04-17T21:36:32.003334,0.837630939988998,0.4441338451268358,0.5842929461504228,terbinafine,coordinates_highestspeed_20250415_9_1_with_time_speed.csv,9.0,0.9794389143609535,20250415_piworm09_1,9.0
8175.0,2025-04-17T21:36:34.003293,2.8449000661022352,0.4451170496089026,0.5790827560656793,terbinafine,coordinates_highestspeed_20250415_9_1_with_time_speed.csv,9.0,0.08802161233439763,20250415_piworm09_1,9.0
8176.0,2025-04-17T21:36:36.003376,1.6024202524360611,0.4466483363957224,0.5760155454797817,terbinafine,coordinates_highestspeed_20250415_9_1_with_time_speed.csv,9.0,0.04056827757671767,20250415_piworm09_1,9.0
8177.0,2025-04-17T21:36:38.003368,0.3060093538188818,0.4474684194310362,0.574792030399507,terbinafine,coordinates_highestspeed_20250415_9_1_with_time_speed.csv,9.0,0.03763021469137073,20250415_piworm09_1,9.0
8178.0,2025-04-17T21:36:40.003299,-0.46478354334208166,0.4476704463541373,0.5745563725029305,terbinafine,coordinates_highestspeed_20250415_9_1_with_time_speed.csv,9.0,-0.10452949315865899,20250415_piworm09_1,9.0
8179.0,2025-04-17T21:36:42.003380,-0.2410459297092679,0.44791094007696536,0.5739548155710882,terbinafine,coordinates_highestspeed_20250415_9_1_with_time_speed.csv,9.0,0.02063779147211747,20250415_piworm09_1,9.0
8180.0,2025-04-17T21:36:44.003332,1.136938127376121,0.44908482245621417,0.5714943405657461,terbinafine,coordinates_highestspeed_20250415_9_1_with_time_speed.csv,9.0,0.2666920350214611,20250415_piworm09_1,9.0
8181.0,2025-04-17T21:36:46.003298,-0.502387003655809,0.4493280760640356,0.5714223325805123,terbinafine,coordinates_highestspeed_20250415_9_1_with_time_speed.csv,9.0,-0.22797122160715394,20250415_piworm09_1,9.0
8182.0,2025-04-17T21:36:48.003375,-0.04212551568404873,0.4498370199304779,0.5706226921180193,terbinafine,coordinates_highestspeed_20250415_9_1_with_time_speed.csv,9.0,0.9674138064300795,20250415_piworm09_1,9.0
8183.0,2025-04-17T21:36:50.003340,0.46985099994174917,0.4490665917129272,0.5721605415407678,terbinafine,coordinates_highestspeed_20250415_9_1_with_time_speed.csv,9.0,0.013313352514829837,20250415_piworm09_1,9.0
8184.0,2025-04-17T21:36:52.003294,0.8080534704356981,0.4479851923777158,0.5741109357931787,terbinafine,coordinates_highestspeed_20250415_9_1_with_time_speed.csv,9.0,-0.11257362903250165,20250415_piworm09_1,9.0
8185.0,2025-04-17T21:36:54.003378,-0.11177409200307062,0.44785708161340504,0.5749439619798875,terbinafine,coordinates_highestspeed_20250415_9_1_with_time_speed.csv,9.0,-0.07404782463200484,20250415_piworm09_1,9.0
8186.0,2025-04-17T21:36:56.003345,-0.3366578124011108,0.44789734729261943,0.5754459943574841,terbinafine,coordinates_highestspeed_20250415_9_1_with_time_speed.csv,9.0,0.007980561205342004,20250415_piworm09_1,9.0
8187.0,2025-04-17T21:36:58.003304,-0.16307994690385164,0.44793939643460007,0.5762102774330532,terbinafine,coordinates_highestspeed_20250415_9_1_with_time_speed.csv,9.0,-0.9514040870543334,20250415_piworm09_1,9.0
8188.0,2025-04-17T21:37:00.003377,-0.5881289601598767,0.44795152879474576,0.5760865009848708,terbinafine,coordinates_highestspeed_20250415_9_1_with_time_speed.csv,9.0,0.02152991075207472,20250415_piworm09_1,9.0
8189.0,2025-04-17T21:37:02.003368,0.5051257595406535,0.4482433905432686,0.5743374418709648,terbinafine,coordinates_highestspeed_20250415_9_1_with_time_speed.csv,9.0,0.05529011897644793,20250415_piworm09_1,9.0
8190.0,2025-04-17T21:37:04.003303,0.963548571764723,0.44906309573627196,0.5720130987253319,terbinafine,coordinates_highestspeed_20250415_9_1_with_time_speed.csv,9.0,0.08735895062060865,20250415_piworm09_1,9.0
8191.0,2025-04-17T21:37:06.003274,0.4633068827771629,0.45004768262445166,0.5706147879712633,terbinafine,coordinates_highestspeed_20250415_9_1_with_time_speed.csv,9.0,0.0024277794989022517,20250415_piworm09_1,9.0
8192.0,2025-04-17T21:37:08.003465,-0.5391951450507382,0.45016300804173004,0.5704536280932717,terbinafine,coordinates_highestspeed_20250415_9_1_with_time_speed.csv,9.0,0.9381539155688465,20250415_piworm09_1,9.0
8193.0,2025-04-17T21:37:10.003403,0.6666402163299984,0.4493280760640356,0.5722895324607264,terbinafine,coordinates_highestspeed_20250415_9_1_with_time_speed.csv,9.0,-0.005723008000439231,20250415_piworm09_1,9.0
8194.0,2025-04-17T21:37:12.003276,0.6671790741768698,0.4485259625446541,0.5741408965708031,terbinafine,coordinates_highestspeed_20250415_9_1_with_time_speed.csv,9.0,0.9867659138671337,20250415_piworm09_1,9.0
8195.0,2025-04-17T21:37:14.003466,0.8362254402299938,0.44934197978256724,0.5720198359717719,terbinafine,coordinates_highestspeed_20250415_9_1_with_time_speed.csv,9.0,-0.01857068587697487,20250415_piworm09_1,9.0
8196.0,2025-04-17T21:37:16.003404,1.719378380995862,0.45043790444675835,0.5685858656837506,terbinafine,coordinates_highestspeed_20250415_9_1_with_time_speed.csv,9.0,0.1169112778621337,20250415_piworm09_1,9.0
8197.0,2025-04-17T21:37:18.003377,0.5484468792941327,0.4515885679551055,0.5671518664452332,terbinafine,coordinates_highestspeed_20250415_9_1_with_time_speed.csv,9.0,-0.054098902195158144,20250415_piworm09_1,9.0
8198.0,2025-04-17T21:37:20.003341,0.07963313644564177,0.45213724118931065,0.5661622904613559,terbinafine,coordinates_highestspeed_20250415_9_1_with_time_speed.csv,9.0,-0.9870943132747333,20250415_piworm09_1,9.0
8199.0,2025-04-17T21:37:22.003300,-0.08045995450106945,0.4516744548286604,0.5669225634178905,terbinafine,coordinates_highestspeed_20250415_9_1_with_time_speed.csv,9.0,-0.10288004137655805,20250415_piworm09_1,9.0
8200.0,2025-04-17T21:37:24.003372,0.21378460890739917,0.45137869776782263,0.5682231956658464,terbinafine,coordinates_highestspeed_20250415_9_1_with_time_speed.csv,9.0,-0.11936375711372887,20250415_piworm09_1,9.0
8201.0,2025-04-17T21:37:26.003337,0.5151710020215166,0.4516484266126124,0.5699911317279486,terbinafine,coordinates_highestspeed_20250415_9_1_with_time_speed.csv,9.0,-0.25307946886317756,20250415_piworm09_1,9.0
8202.0,2025-04-17T21:37:28.003314,-0.06337906032460855,0.4523914769241872,0.5705264677227294,terbinafine,coordinates_highestspeed_20250415_9_1_with_time_speed.csv,9.0,0.3507315008234774,20250415_piworm09_1,9.0
8203.0,2025-04-17T21:37:30.003269,-0.39669931466224384,0.45232754784156654,0.5709345794392523,terbinafine,coordinates_highestspeed_20250415_9_1_with_time_speed.csv,9.0,0.9332305483393523,20250415_piworm09_1,9.0
8204.0,2025-04-17T21:37:32.003458,0.5478997331783755,0.45222766157345595,0.5690995401275775,terbinafine,coordinates_highestspeed_20250415_9_1_with_time_speed.csv,9.0,-0.03941373479371281,20250415_piworm09_1,9.0
8205.0,2025-04-17T21:37:34.003430,0.5309856357093031,0.45190642409424076,0.5673159929437376,terbinafine,coordinates_highestspeed_20250415_9_1_with_time_speed.csv,9.0,0.08227039634997134,20250415_piworm09_1,9.0
8206.0,2025-04-17T21:37:36.003268,0.5939309115419041,0.4520593284042589,0.5654149510271398,terbinafine,coordinates_highestspeed_20250415_9_1_with_time_speed.csv,9.0,-0.8307277322712274,20250415_piworm09_1,9.0
8207.0,2025-04-17T21:37:38.003514,-0.350389684575533,0.4517818629968162,0.5658102205655806,terbinafine,coordinates_highestspeed_20250415_9_1_with_time_speed.csv,9.0,-0.04711178425889115,20250415_piworm09_1,9.0
8208.0,2025-04-17T21:37:40.003431,1.260709622835914,0.45047818860521516,0.5684150295632271,terbinafine,coordinates_highestspeed_20250415_9_1_with_time_speed.csv,9.0,-0.031967740389832015,20250415_piworm09_1,9.0
8209.0,2025-04-17T21:37:42.003277,-0.011690776468399704,0.45012475650594236,0.5693438245529558,terbinafine,coordinates_highestspeed_20250415_9_1_with_time_speed.csv,9.0,0.09015159425571792,20250415_piworm09_1,9.0
8210.0,2025-04-17T21:37:44.003479,0.4124458469239925,0.44914033850082496,0.5706473259834073,terbinafine,coordinates_highestspeed_20250415_9_1_with_time_speed.csv,9.0,0.9612622864531932,20250415_piworm09_1,9.0
8211.0,2025-04-17T21:37:46.003396,2.4339879808863447,0.45148774265530883,0.5665958367024577,terbinafine,coordinates_highestspeed_20250415_9_1_with_time_speed.csv,9.0,-0.5312970346217963,20250415_piworm09_1,9.0
8212.0,2025-04-17T21:37:48.003365,-0.5107961539503526,0.4512683578104139,0.5664960688325175,terbinafine,coordinates_highestspeed_20250415_9_1_with_time_speed.csv,9.0,-0.44004057349011433,20250415_piworm09_1,9.0
8213.0,2025-04-17T21:37:50.003342,1.6698841420462427,0.44923121282210393,0.5693788901634105,terbinafine,coordinates_highestspeed_20250415_9_1_with_time_speed.csv,9.0,-0.02188575684584902,20250415_piworm09_1,9.0
8214.0,2025-04-17T21:37:52.003312,0.14547088646041634,0.4485916497077009,0.570430476881797,terbinafine,coordinates_highestspeed_20250415_9_1_with_time_speed.csv,9.0,-0.11284664036471581,20250415_piworm09_1,9.0
8215.0,2025-04-17T21:37:54.003276,-0.3714428281235487,0.4485055982233737,0.570873375722085,terbinafine,coordinates_highestspeed_20250415_9_1_with_time_speed.csv,9.0,0.22840062223812893,20250415_piworm09_1,9.0
8216.0,2025-04-17T21:37:56.003461,-0.2306140046313878,0.44798192461743863,0.5712809386874808,terbinafine,coordinates_highestspeed_20250415_9_1_with_time_speed.csv,9.0,-0.03993496551536147,20250415_piworm09_1,9.0
8217.0,2025-04-17T21:37:58.003397,1.166844219193615,0.4460251208731383,0.573243288786343,terbinafine,coordinates_highestspeed_20250415_9_1_with_time_speed.csv,9.0,-0.007331584255431664,20250415_piworm09_1,9.0
8218.0,2025-04-17T21:38:00.003262,-0.007272338218001467,0.44533521330621517,0.5739677825886229,terbinafine,coordinates_highestspeed_20250415_9_1_with_time_speed.csv,9.0,-0.9933954129546949,20250415_piworm09_1,9.0
8219.0,2025-04-17T21:38:02.003479,1.701588052321485,0.44785570792208923,0.5714285714285714,terbinafine,coordinates_highestspeed_20250415_9_1_with_time_speed.csv,9.0,-0.08097423034200747,20250415_piworm09_1,9.0
8220.0,2025-04-17T21:38:04.003403,0.1469352564433463,0.44847617335935097,0.5703630481667865,terbinafine,coordinates_highestspeed_20250415_9_1_with_time_speed.csv,9.0,0.055057772992120405,20250415_piworm09_1,9.0
8221.0,2025-04-17T21:38:06.003369,1.099301614224931,0.45019641573379887,0.568321865050837,terbinafine,coordinates_highestspeed_20250415_9_1_with_time_speed.csv,9.0,-0.11156548399599718,20250415_piworm09_1,9.0
8222.0,2025-04-17T21:38:08.003338,1.1047922599605644,0.45111404821168594,0.5658063347444835,terbinafine,coordinates_highestspeed_20250415_9_1_with_time_speed.csv,9.0,0.08887888446621893,20250415_piworm09_1,9.0
8223.0,2025-04-17T21:38:10.003293,0.20881604081868507,0.4518943918845542,0.5647338396969485,terbinafine,coordinates_highestspeed_20250415_9_1_with_time_speed.csv,9.0,-0.036047731577442295,20250415_piworm09_1,9.0
8224.0,2025-04-17T21:38:12.003369,0.6745562621605679,0.45289498078952434,0.5629689658992194,terbinafine,coordinates_highestspeed_20250415_9_1_with_time_speed.csv,9.0,-0.02634219741499025,20250415_piworm09_1,9.0
8225.0,2025-04-17T21:38:14.003340,-0.4043539267673222,0.4530634683780054,0.5626044810447544,terbinafine,coordinates_highestspeed_20250415_9_1_with_time_speed.csv,9.0,0.939071820559604,20250415_piworm09_1,9.0
8226.0,2025-04-17T21:38:16.003294,1.042157407863452,0.4524454374540203,0.5651126672297758,terbinafine,coordinates_highestspeed_20250415_9_1_with_time_speed.csv,9.0,-0.028903687381682728,20250415_piworm09_1,9.0
8227.0,2025-04-17T21:38:18.003368,1.173918656661696,0.4520275399879578,0.5678630330636928,terbinafine,coordinates_highestspeed_20250415_9_1_with_time_speed.csv,9.0,-0.3274506008256391,20250415_piworm09_1,9.0
8228.0,2025-04-17T21:38:20.003349,-0.2198149638675729,0.4525506430636532,0.5682972980760919,terbinafine,coordinates_highestspeed_20250415_9_1_with_time_speed.csv,9.0,-0.6486001374016881,20250415_piworm09_1,9.0
8229.0,2025-04-17T21:38:22.003308,1.9468416558383206,0.453435349697032,0.564450035945363,terbinafine,coordinates_highestspeed_20250415_9_1_with_time_speed.csv,9.0,0.05815872986706652,20250415_piworm09_1,9.0
8230.0,2025-04-17T21:38:24.003270,1.2052562749248332,0.4545598212582763,0.5618539004386801,terbinafine,coordinates_highestspeed_20250415_9_1_with_time_speed.csv,9.0,-0.05227725700034759,20250415_piworm09_1,9.0
8231.0,2025-04-17T21:38:26.003491,-0.21749352573937086,0.4547252491565517,0.5611908547496247,terbinafine,coordinates_highestspeed_20250415_9_1_with_time_speed.csv,9.0,0.08512130316175175,20250415_piworm09_1,9.0
8232.0,2025-04-17T21:38:28.003433,1.2245677929495482,0.45612540859076467,0.5586989549284103,terbinafine,coordinates_highestspeed_20250415_9_1_with_time_speed.csv,9.0,0.14048098398242817,20250415_piworm09_1,9.0
8233.0,2025-04-17T21:38:30.003378,-0.1391912478038705,0.45677884978713756,0.5582348792100159,terbinafine,coordinates_highestspeed_20250415_9_1_with_time_speed.csv,9.0,0.09619279024306127,20250415_piworm09_1,9.0
8234.0,2025-04-17T21:38:32.003345,-0.23296841505659735,0.4574063352907121,0.5580301759277857,terbinafine,coordinates_highestspeed_20250415_9_1_with_time_speed.csv,9.0,-0.13016242836655656,20250415_piworm09_1,9.0
8235.0,2025-04-17T21:38:34.003300,0.41773512980390176,0.45863575676659785,0.5569425901201602,terbinafine,coordinates_highestspeed_20250415_9_1_with_time_speed.csv,9.0,-0.8476391528793548,20250415_piworm09_1,9.0
8236.0,2025-04-17T21:38:36.003378,-0.10937566630568675,0.4578147207028726,0.5571483944798902,terbinafine,coordinates_highestspeed_20250415_9_1_with_time_speed.csv,9.0,-0.07569074727982232,20250415_piworm09_1,9.0
8237.0,2025-04-17T21:38:38.003338,0.2664038482267653,0.45656344381505437,0.5578052289784436,terbinafine,coordinates_highestspeed_20250415_9_1_with_time_speed.csv,9.0,-0.04312006903808223,20250415_piworm09_1,9.0
8238.0,2025-04-17T21:38:40.003300,0.8713791314838331,0.454669118573192,0.5591543441569892,terbinafine,coordinates_highestspeed_20250415_9_1_with_time_speed.csv,9.0,-0.05661336213597885,20250415_piworm09_1,9.0
8239.0,2025-04-17T21:38:42.003373,-0.10064856445901803,0.4540682074481185,0.5597690124048893,terbinafine,coordinates_highestspeed_20250415_9_1_with_time_speed.csv,9.0,0.008954792112440489,20250415_piworm09_1,9.0
8240.0,2025-04-17T21:38:44.003342,0.02874916167743964,0.45330994390128543,0.5605021942560184,terbinafine,coordinates_highestspeed_20250415_9_1_with_time_speed.csv,9.0,-0.042701248803989955,20250415_piworm09_1,9.0
8241.0,2025-04-17T21:38:46.003298,-0.16818309981176266,0.45284054752130565,0.5610970390427111,terbinafine,coordinates_highestspeed_20250415_9_1_with_time_speed.csv,9.0,0.10458526276493804,20250415_piworm09_1,9.0
8242.0,2025-04-17T21:38:48.003254,0.24371024296598312,0.45168270337461447,0.5618460081422192,terbinafine,coordinates_highestspeed_20250415_9_1_with_time_speed.csv,9.0,0.9666766824608374,20250415_piworm09_1,9.0
8243.0,2025-04-17T21:38:50.003472,-0.48170294154696913,0.45190442602715575,0.5616671284983752,terbinafine,coordinates_highestspeed_20250415_9_1_with_time_speed.csv,9.0,0.02376104619537181,20250415_piworm09_1,9.0
8244.0,2025-04-17T21:38:52.003393,0.6063735457344185,0.45348938771945146,0.5605729758057472,terbinafine,coordinates_highestspeed_20250415_9_1_with_time_speed.csv,9.0,-0.006186092737715506,20250415_piworm09_1,9.0
8245.0,2025-04-17T21:38:54.003363,-0.2932063236717912,0.4539514224093663,0.5602405771798296,terbinafine,coordinates_highestspeed_20250415_9_1_with_time_speed.csv,9.0,-0.9569400734483684,20250415_piworm09_1,9.0
8246.0,2025-04-17T21:38:56.003354,-0.4930613636133709,0.4537149697133123,0.5603662025557887,terbinafine,coordinates_highestspeed_20250415_9_1_with_time_speed.csv,9.0,0.9097862937860013,20250415_piworm09_1,9.0
8247.0,2025-04-17T21:38:58.003304,0.7835872418501495,0.4552867876122412,0.5588366187596534,terbinafine,coordinates_highestspeed_20250415_9_1_with_time_speed.csv,9.0,-0.028619127171604013,20250415_piworm09_1,9.0
8248.0,2025-04-17T21:39:00.003321,0.2223914530251738,0.4561637739207833,0.5578144596836185,terbinafine,coordinates_highestspeed_20250415_9_1_with_time_speed.csv,9.0,-0.9962139843130746,20250415_piworm09_1,9.0
8249.0,2025-04-17T21:39:02.003505,-0.1350872146618705,0.45563060978995096,0.5584211291623155,terbinafine,coordinates_highestspeed_20250415_9_1_with_time_speed.csv,9.0,-0.01668653434573009,20250415_piworm09_1,9.0
8250.0,2025-04-17T21:39:04.003386,1.0943885548337466,0.4539805255174439,0.560509999370889,terbinafine,coordinates_highestspeed_20250415_9_1_with_time_speed.csv,9.0,-0.0038679463391905517,20250415_piworm09_1,9.0
8251.0,2025-04-17T21:39:06.003286,0.3105451404907355,0.4530774365821095,0.5616822429906542,terbinafine,coordinates_highestspeed_20250415_9_1_with_time_speed.csv,9.0,-0.05901407787359853,20250415_piworm09_1,9.0
8252.0,2025-04-17T21:39:08.003490,-0.13415339774578053,0.45271028037383176,0.5624032042723631,terbinafine,coordinates_highestspeed_20250415_9_1_with_time_speed.csv,9.0,0.06077959649162176,20250415_piworm09_1,9.0
8253.0,2025-04-17T21:39:10.003432,0.6447465422178493,0.4514908767245216,0.563968006725016,terbinafine,coordinates_highestspeed_20250415_9_1_with_time_speed.csv,9.0,-0.11430107396654758,20250415_piworm09_1,9.0
8254.0,2025-04-17T21:39:12.003263,-0.18969557734031106,0.4512745388913613,0.5646602877911289,terbinafine,coordinates_highestspeed_20250415_9_1_with_time_speed.csv,9.0,0.24158512719881023,20250415_piworm09_1,9.0
8255.0,2025-04-17T21:39:14.003463,-0.3216207933154146,0.45081492304204346,0.564916744338363,terbinafine,coordinates_highestspeed_20250415_9_1_with_time_speed.csv,9.0,-0.12064652744014813,20250415_piworm09_1,9.0
8256.0,2025-04-17T21:39:16.003444,-0.2373984600567466,0.4504026677884059,0.5654236089519664,terbinafine,coordinates_highestspeed_20250415_9_1_with_time_speed.csv,9.0,0.9979138054787539,20250415_piworm09_1,9.0
8257.0,2025-04-17T21:39:18.003384,2.1179786016641726,0.4530350231284811,0.5621434640126229,terbinafine,coordinates_highestspeed_20250415_9_1_with_time_speed.csv,9.0,0.7977370883810428,20250415_piworm09_1,9.0
8258.0,2025-04-17T21:39:20.003315,-0.18529084554609587,0.4530051367925596,0.5628747935099907,terbinafine,coordinates_highestspeed_20250415_9_1_with_time_speed.csv,9.0,-0.8366808116374403,20250415_piworm09_1,9.0
8259.0,2025-04-17T21:39:22.003302,0.3983909954972006,0.45385323505922665,0.5615036182185075,terbinafine,coordinates_highestspeed_20250415_9_1_with_time_speed.csv,9.0,-0.035878884358719755,20250415_piworm09_1,9.0
8260.0,2025-04-17T21:39:24.003264,0.12608079252441856,0.45436633958546674,0.5604171257469506,terbinafine,coordinates_highestspeed_20250415_9_1_with_time_speed.csv,9.0,0.09530991541944961,20250415_piworm09_1,9.0
8261.0,2025-04-17T21:39:26.003450,0.7533741963654733,0.4558154834465277,0.5588320659429965,terbinafine,coordinates_highestspeed_20250415_9_1_with_time_speed.csv,9.0,0.29098850922366487,20250415_piworm09_1,9.0
8262.0,2025-04-17T21:39:28.003333,-0.2098471400215852,0.4565079365079365,0.5588903723483163,terbinafine,coordinates_highestspeed_20250415_9_1_with_time_speed.csv,9.0,0.799208508457726,20250415_piworm09_1,9.0
8263.0,2025-04-17T21:39:30.003273,-0.12809567868585897,0.45580903362293046,0.5593158027127958,terbinafine,coordinates_highestspeed_20250415_9_1_with_time_speed.csv,9.0,-0.1511843214780843,20250415_piworm09_1,9.0
8264.0,2025-04-17T21:39:32.003483,0.5396379608859802,0.4548564753004005,0.5608728304405874,terbinafine,coordinates_highestspeed_20250415_9_1_with_time_speed.csv,9.0,-0.955135366750642,20250415_piworm09_1,9.0
8265.0,2025-04-17T21:39:34.003415,-0.501772782281125,0.4550185432428423,0.5606764574988874,terbinafine,coordinates_highestspeed_20250415_9_1_with_time_speed.csv,9.0,-0.004153318532303815,20250415_piworm09_1,9.0
8266.0,2025-04-17T21:39:36.003362,0.14400970844628272,0.45578814566210607,0.5597187687558947,terbinafine,coordinates_highestspeed_20250415_9_1_with_time_speed.csv,9.0,-0.02252236998937938,20250415_piworm09_1,9.0
8267.0,2025-04-17T21:39:38.003325,-0.1366408680611885,0.45624695856157116,0.5590569357273872,terbinafine,coordinates_highestspeed_20250415_9_1_with_time_speed.csv,9.0,-0.8683963547256053,20250415_piworm09_1,9.0
8268.0,2025-04-17T21:39:40.003286,-0.4640794747587218,0.455981618902723,0.5592200453317602,terbinafine,coordinates_highestspeed_20250415_9_1_with_time_speed.csv,9.0,0.8624828770998497,20250415_piworm09_1,9.0
8269.0,2025-04-17T21:39:42.003422,-0.4025148362916497,0.4562057586215583,0.55888354283699,terbinafine,coordinates_highestspeed_20250415_9_1_with_time_speed.csv,9.0,-0.9838584978636902,20250415_piworm09_1,9.0
8270.0,2025-04-17T21:39:44.003353,0.012845694471479013,0.4555915824273635,0.559711361179986,terbinafine,coordinates_highestspeed_20250415_9_1_with_time_speed.csv,9.0,-0.030767191957824937,20250415_piworm09_1,9.0
8271.0,2025-04-17T21:39:46.003286,-0.49337219213754197,0.4554537833390257,0.559940385630453,terbinafine,coordinates_highestspeed_20250415_9_1_with_time_speed.csv,9.0,0.19624073005729423,20250415_piworm09_1,9.0
8272.0,2025-04-17T21:39:48.003289,-0.49823362207005784,0.45521564985197654,0.5600446327792934,terbinafine,coordinates_highestspeed_20250415_9_1_with_time_speed.csv,9.0,-0.13842786912468505,20250415_piworm09_1,9.0
8273.0,2025-04-17T21:39:50.003465,-0.037374221402846276,0.4545835671394387,0.5607605631985965,terbinafine,coordinates_highestspeed_20250415_9_1_with_time_speed.csv,9.0,-0.9664898058400733,20250415_piworm09_1,9.0
8274.0,2025-04-17T21:39:52.003402,1.2732857913928601,0.4567441688764743,0.5587788326063015,terbinafine,coordinates_highestspeed_20250415_9_1_with_time_speed.csv,9.0,-0.012539121982204252,20250415_piworm09_1,9.0
8275.0,2025-04-17T21:39:54.003310,0.25442459035754583,0.45773437827417124,0.5577960449508164,terbinafine,coordinates_highestspeed_20250415_9_1_with_time_speed.csv,9.0,0.13952143687734514,20250415_piworm09_1,9.0
8276.0,2025-04-17T21:39:56.003467,-0.38285570913146616,0.4581430211041623,0.5576499660365868,terbinafine,coordinates_highestspeed_20250415_9_1_with_time_speed.csv,9.0,0.865572289551272,20250415_piworm09_1,9.0
8277.0,2025-04-17T21:39:58.003382,0.01379807753477229,0.4573988559669773,0.5583652821499001,terbinafine,coordinates_highestspeed_20250415_9_1_with_time_speed.csv,9.0,-0.06260815111646964,20250415_piworm09_1,9.0
8278.0,2025-04-17T21:40:00.003259,0.7289235541126035,0.4561923019866945,0.5600972236486255,terbinafine,coordinates_highestspeed_20250415_9_1_with_time_speed.csv,9.0,0.04494345241179248,20250415_piworm09_1,9.0
8279.0,2025-04-17T21:40:02.003442,-0.07610791236761962,0.4555813548499449,0.5607534683926395,terbinafine,coordinates_highestspeed_20250415_9_1_with_time_speed.csv,9.0,0.015753410135761717,20250415_piworm09_1,9.0
8280.0,2025-04-17T21:40:04.003398,-0.3474047200108481,0.4552319759679573,0.5610933625786763,terbinafine,coordinates_highestspeed_20250415_9_1_with_time_speed.csv,9.0,0.7613328268524344,20250415_piworm09_1,9.0
8281.0,2025-04-17T21:40:06.003380,-0.6037252511958335,0.4552369520216558,0.5609926385027131,terbinafine,coordinates_highestspeed_20250415_9_1_with_time_speed.csv,9.0,-0.7887949835568329,20250415_piworm09_1,9.0
8282.0,2025-04-17T21:40:08.003353,-0.3381325670989321,0.4549090144884537,0.561371952727093,terbinafine,coordinates_highestspeed_20250415_9_1_with_time_speed.csv,9.0,-0.1493145335215968,20250415_piworm09_1,9.0
8283.0,2025-04-17T21:40:10.003307,0.08310964328640409,0.4546346155062991,0.562475085263764,terbinafine,coordinates_highestspeed_20250415_9_1_with_time_speed.csv,9.0,0.10157583424285697,20250415_piworm09_1,9.0
8284.0,2025-04-17T21:40:12.003262,-0.3754988386692098,0.4543971086027161,0.5628514787393293,terbinafine,coordinates_highestspeed_20250415_9_1_with_time_speed.csv,9.0,-0.08937617642349238,20250415_piworm09_1,9.0
8285.0,2025-04-17T21:40:14.003466,-0.0282218394319506,0.45412738870682795,0.5637820123801431,terbinafine,coordinates_highestspeed_20250415_9_1_with_time_speed.csv,9.0,0.9992597221210412,20250415_piworm09_1,9.0
8286.0,2025-04-17T21:40:16.003390,0.14909175773953698,0.45446879731188633,0.5625938252598361,terbinafine,coordinates_highestspeed_20250415_9_1_with_time_speed.csv,9.0,0.07413163867922426,20250415_piworm09_1,9.0
8287.0,2025-04-17T21:40:18.003361,0.18199196864581205,0.4550995530272247,0.5614732687061009,terbinafine,coordinates_highestspeed_20250415_9_1_with_time_speed.csv,9.0,0.11371697932640898,20250415_piworm09_1,9.0
8288.0,2025-04-17T21:40:20.003353,-0.5094454698322289,0.45528530794682764,0.5613165379926859,terbinafine,coordinates_highestspeed_20250415_9_1_with_time_speed.csv,9.0,0.7194367862956637,20250415_piworm09_1,9.0
8289.0,2025-04-17T21:40:22.003312,-0.08694329507240073,0.45529540742670443,0.5621967501383959,terbinafine,coordinates_highestspeed_20250415_9_1_with_time_speed.csv,9.0,0.29317121329843343,20250415_piworm09_1,9.0
8290.0,2025-04-17T21:40:24.003247,-0.3895433091472039,0.4549608683265274,0.5624570557116602,terbinafine,coordinates_highestspeed_20250415_9_1_with_time_speed.csv,9.0,-0.9244998667548063,20250415_piworm09_1,9.0
8291.0,2025-04-17T21:40:26.003469,-0.5316789202738625,0.45515182068484117,0.562370851314893,terbinafine,coordinates_highestspeed_20250415_9_1_with_time_speed.csv,9.0,-0.9371769954786815,20250415_piworm09_1,9.0
8292.0,2025-04-17T21:40:28.003397,-0.4148383299516501,0.45477595858805897,0.5624575457334926,terbinafine,coordinates_highestspeed_20250415_9_1_with_time_speed.csv,9.0,0.6970920475718901,20250415_piworm09_1,9.0
8293.0,2025-04-17T21:40:30.003359,0.8055187333858435,0.4556275033377837,0.5604005340453939,terbinafine,coordinates_highestspeed_20250415_9_1_with_time_speed.csv,9.0,0.143934946126661,20250415_piworm09_1,9.0
8294.0,2025-04-17T21:40:32.003319,0.6231574828038425,0.45708657294693583,0.5591049503913715,terbinafine,coordinates_highestspeed_20250415_9_1_with_time_speed.csv,9.0,-0.056324992883762366,20250415_piworm09_1,9.0
8295.0,2025-04-17T21:40:34.003295,0.9104569610107017,0.458563108298988,0.5572325096908599,terbinafine,coordinates_highestspeed_20250415_9_1_with_time_speed.csv,9.0,0.12715880714139075,20250415_piworm09_1,9.0
8296.0,2025-04-17T21:40:36.003372,0.01973419663213835,0.4594750186793401,0.5567300743498977,terbinafine,coordinates_highestspeed_20250415_9_1_with_time_speed.csv,9.0,0.8783550829814284,20250415_piworm09_1,9.0
8297.0,2025-04-17T21:40:38.003317,0.2698978056129541,0.45857753841279897,0.5578285171188704,terbinafine,coordinates_highestspeed_20250415_9_1_with_time_speed.csv,9.0,0.2595101328349116,20250415_piworm09_1,9.0
8298.0,2025-04-17T21:40:40.003319,0.22494448879243692,0.457230224016046,0.5579236216645235,terbinafine,coordinates_highestspeed_20250415_9_1_with_time_speed.csv,9.0,-0.2543471849409106,20250415_piworm09_1,9.0
8299.0,2025-04-17T21:40:42.003289,0.01657547174608057,0.4565615510946749,0.5587154554154802,terbinafine,coordinates_highestspeed_20250415_9_1_with_time_speed.csv,9.0,0.08409597511493085,20250415_piworm09_1,9.0
8300.0,2025-04-17T21:40:44.003536,0.37236699691002817,0.45526804100382434,0.5596105541852413,terbinafine,coordinates_highestspeed_20250415_9_1_with_time_speed.csv,9.0,0.9451699178278322,20250415_piworm09_1,9.0
8301.0,2025-04-17T21:40:46.003414,0.8903579002641049,0.4569457095441898,0.5579588984689867,terbinafine,coordinates_highestspeed_20250415_9_1_with_time_speed.csv,9.0,0.0623681675060737,20250415_piworm09_1,9.0
8302.0,2025-04-17T21:40:48.003358,1.3064126583070275,0.45943714426252547,0.5563207083128382,terbinafine,coordinates_highestspeed_20250415_9_1_with_time_speed.csv,9.0,0.02713424759832899,20250415_piworm09_1,9.0
8303.0,2025-04-17T21:40:50.003330,0.8345842799263912,0.4614332797997975,0.5552395141992866,terbinafine,coordinates_highestspeed_20250415_9_1_with_time_speed.csv,9.0,0.04695935344008869,20250415_piworm09_1,9.0
8304.0,2025-04-17T21:40:52.003295,0.573578822177233,0.463196720206066,0.5545980499251527,terbinafine,coordinates_highestspeed_20250415_9_1_with_time_speed.csv,9.0,-0.545388760446526,20250415_piworm09_1,9.0
8305.0,2025-04-17T21:40:54.003288,-0.3118962063269856,0.4629414142403939,0.5541210911184331,terbinafine,coordinates_highestspeed_20250415_9_1_with_time_speed.csv,9.0,-0.3489874876602189,20250415_piworm09_1,9.0
8306.0,2025-04-17T21:40:56.003465,1.7911299497822422,0.45922912793381826,0.5541843953932346,terbinafine,coordinates_highestspeed_20250415_9_1_with_time_speed.csv,9.0,-0.13404142904652053,20250415_piworm09_1,9.0
8307.0,2025-04-17T21:40:58.003419,1.0997163953974718,0.4568113289629619,0.5553172019621668,terbinafine,coordinates_highestspeed_20250415_9_1_with_time_speed.csv,9.0,0.6415361628788906,20250415_piworm09_1,9.0
8308.0,2025-04-17T21:41:00.003286,1.1571309174044297,0.45682923142806764,0.5525606469002695,terbinafine,coordinates_highestspeed_20250415_9_1_with_time_speed.csv,9.0,0.12785227066361776,20250415_piworm09_1,9.0
8309.0,2025-04-17T21:41:02.003484,-0.3852762657332964,0.4570000310491508,0.5521656782686993,terbinafine,coordinates_highestspeed_20250415_9_1_with_time_speed.csv,9.0,-0.9932937615763758,20250415_piworm09_1,9.0
8310.0,2025-04-17T21:41:04.003406,0.31586304318674474,0.45638086554430296,0.5535185124881956,terbinafine,coordinates_highestspeed_20250415_9_1_with_time_speed.csv,9.0,0.04832210602628778,20250415_piworm09_1,9.0
8311.0,2025-04-17T21:41:06.003367,-0.3842812000593626,0.45614384685384823,0.5538794678144657,terbinafine,coordinates_highestspeed_20250415_9_1_with_time_speed.csv,9.0,-0.8907657746888936,20250415_piworm09_1,9.0
8312.0,2025-04-17T21:41:08.003347,-0.206696115427644,0.4567022696929239,0.5534579439252336,terbinafine,coordinates_highestspeed_20250415_9_1_with_time_speed.csv,9.0,-0.21210514483710863,20250415_piworm09_1,9.0
8313.0,2025-04-17T21:41:10.003312,-0.5914992855489122,0.4567326882578833,0.5533426011314054,terbinafine,coordinates_highestspeed_20250415_9_1_with_time_speed.csv,9.0,0.9179230678125962,20250415_piworm09_1,9.0
8314.0,2025-04-17T21:41:12.003290,-0.01351789145830053,0.4567326882578833,0.5543336132024831,terbinafine,coordinates_highestspeed_20250415_9_1_with_time_speed.csv,9.0,-0.3663824281464097,20250415_piworm09_1,9.0
8315.0,2025-04-17T21:41:14.003468,-0.30718977216507376,0.4572331931796292,0.5545569880902563,terbinafine,coordinates_highestspeed_20250415_9_1_with_time_speed.csv,9.0,-0.8926374283406056,20250415_piworm09_1,9.0
8316.0,2025-04-17T21:41:16.003405,-0.4228581306575625,0.4569616137578948,0.554300379780986,terbinafine,coordinates_highestspeed_20250415_9_1_with_time_speed.csv,9.0,0.10771821221022011,20250415_piworm09_1,9.0
8317.0,2025-04-17T21:41:18.003372,-0.3645970384648174,0.45675041469433997,0.5538900351984464,terbinafine,coordinates_highestspeed_20250415_9_1_with_time_speed.csv,9.0,0.0783762643384286,20250415_piworm09_1,9.0
8318.0,2025-04-17T21:41:20.003343,-0.5649055166730614,0.45671421544515495,0.5537348043004707,terbinafine,coordinates_highestspeed_20250415_9_1_with_time_speed.csv,9.0,0.9470747013646698,20250415_piworm09_1,9.0
8319.0,2025-04-17T21:41:22.003319,-0.2743739798468266,0.4569443750312359,0.5542862854572586,terbinafine,coordinates_highestspeed_20250415_9_1_with_time_speed.csv,9.0,0.6006262231963109,20250415_piworm09_1,9.0
8320.0,2025-04-17T21:41:24.003293,-0.51979255528847,0.45671765252220353,0.5543042897776745,terbinafine,coordinates_highestspeed_20250415_9_1_with_time_speed.csv,9.0,0.5918440238140172,20250415_piworm09_1,9.0
8321.0,2025-04-17T21:41:26.003452,-0.4318044178826488,0.4567924781542939,0.5539520065554778,terbinafine,coordinates_highestspeed_20250415_9_1_with_time_speed.csv,9.0,-0.1616026435340275,20250415_piworm09_1,9.0
8322.0,2025-04-17T21:41:28.003405,-0.3026931909326974,0.45662935195645477,0.5534216562253945,terbinafine,coordinates_highestspeed_20250415_9_1_with_time_speed.csv,9.0,0.4759484783173567,20250415_piworm09_1,9.0
8323.0,2025-04-17T21:41:30.003295,-0.35290103620789914,0.4570753836656761,0.5532466227371262,terbinafine,coordinates_highestspeed_20250415_9_1_with_time_speed.csv,9.0,0.33022928351680486,20250415_piworm09_1,9.0
8324.0,2025-04-17T21:41:32.003476,-0.504550669127315,0.4572726803325244,0.5534008512270505,terbinafine,coordinates_highestspeed_20250415_9_1_with_time_speed.csv,9.0,-0.5938333698476184,20250415_piworm09_1,9.0
8325.0,2025-04-17T21:41:34.003436,0.2150690270750021,0.4577540986718468,0.5521548478540107,terbinafine,coordinates_highestspeed_20250415_9_1_with_time_speed.csv,9.0,0.05495616632825052,20250415_piworm09_1,9.0
8326.0,2025-04-17T21:41:36.003350,1.7002179454482673,0.4595966428071496,0.5490904171788522,terbinafine,coordinates_highestspeed_20250415_9_1_with_time_speed.csv,9.0,0.43089527022263857,20250415_piworm09_1,9.0
8327.0,2025-04-17T21:41:38.003335,-0.11182488890199262,0.46039546982183144,0.5493589153353897,terbinafine,coordinates_highestspeed_20250415_9_1_with_time_speed.csv,9.0,-0.43955314977065413,20250415_piworm09_1,9.0
8328.0,2025-04-17T21:41:40.003306,-0.507094953823178,0.46051674048946517,0.5491442094466442,terbinafine,coordinates_highestspeed_20250415_9_1_with_time_speed.csv,9.0,-0.36275512248966985,20250415_piworm09_1,9.0
8329.0,2025-04-17T21:41:42.003273,-0.48508767952629644,0.46035293434724556,0.5489173971091891,terbinafine,coordinates_highestspeed_20250415_9_1_with_time_speed.csv,9.0,0.5358930754567308,20250415_piworm09_1,9.0
8330.0,2025-04-17T21:41:44.003483,-0.41951975930896745,0.46068291341244694,0.5487316421895861,terbinafine,coordinates_highestspeed_20250415_9_1_with_time_speed.csv,9.0,-0.08516528088564006,20250415_piworm09_1,9.0
8331.0,2025-04-17T21:41:46.003400,-0.11734440629686035,0.4612759541457576,0.548144652640302,terbinafine,coordinates_highestspeed_20250415_9_1_with_time_speed.csv,9.0,-0.18484531426488152,20250415_piworm09_1,9.0
8332.0,2025-04-17T21:41:48.003404,-0.37932649610242886,0.46136745017821923,0.5477149961416445,terbinafine,coordinates_highestspeed_20250415_9_1_with_time_speed.csv,9.0,-0.5629062360483863,20250415_piworm09_1,9.0
8333.0,2025-04-17T21:41:50.003366,-0.5915033112750299,0.46124817869792906,0.5477135419524357,terbinafine,coordinates_highestspeed_20250415_9_1_with_time_speed.csv,9.0,-0.2831347784701121,20250415_piworm09_1,9.0
8334.0,2025-04-17T21:41:52.003301,1.9607527039704467,0.45871130354491346,0.5507655066568509,terbinafine,coordinates_highestspeed_20250415_9_1_with_time_speed.csv,9.0,-0.8266432261199008,20250415_piworm09_1,9.0
8335.0,2025-04-17T21:41:54.003276,-0.11836866195899265,0.4594985094280959,0.5504935042766306,terbinafine,coordinates_highestspeed_20250415_9_1_with_time_speed.csv,9.0,-0.2650579975030087,20250415_piworm09_1,9.0
8336.0,2025-04-17T21:41:56.003472,0.4232963049478441,0.4601491873077868,0.5489774093484514,terbinafine,coordinates_highestspeed_20250415_9_1_with_time_speed.csv,9.0,0.10593860309397332,20250415_piworm09_1,9.0
8337.0,2025-04-17T21:41:58.003403,0.8003548492303103,0.4616421895861148,0.5473364485981308,terbinafine,coordinates_highestspeed_20250415_9_1_with_time_speed.csv,9.0,0.023032521483834056,20250415_piworm09_1,9.0
8338.0,2025-04-17T21:42:00.003402,-0.1383217014289303,0.4622239541078695,0.5467832708363943,terbinafine,coordinates_highestspeed_20250415_9_1_with_time_speed.csv,9.0,0.13452826989622713,20250415_piworm09_1,9.0
8339.0,2025-04-17T21:42:02.003381,1.0042470846639218,0.4646074101819017,0.545946631708039,terbinafine,coordinates_highestspeed_20250415_9_1_with_time_speed.csv,9.0,0.08481288226572384,20250415_piworm09_1,9.0
8340.0,2025-04-17T21:42:04.003298,0.3714983613938405,0.4661751382796109,0.5458349227541485,terbinafine,coordinates_highestspeed_20250415_9_1_with_time_speed.csv,9.0,-0.03872116895945354,20250415_piworm09_1,9.0
8341.0,2025-04-17T21:42:06.003389,0.5051404260784121,0.4679155540720961,0.5454951840549302,terbinafine,coordinates_highestspeed_20250415_9_1_with_time_speed.csv,9.0,-0.9791677258894643,20250415_piworm09_1,9.0
8342.0,2025-04-17T21:42:08.003361,-0.21074602030724626,0.4672276213245568,0.5455832582978856,terbinafine,coordinates_highestspeed_20250415_9_1_with_time_speed.csv,9.0,0.9998027787790776,20250415_piworm09_1,9.0
8343.0,2025-04-17T21:42:10.003303,0.001184345786075468,0.46823252488309847,0.54545397022254,terbinafine,coordinates_highestspeed_20250415_9_1_with_time_speed.csv,9.0,0.9052385349893888,20250415_piworm09_1,9.0
8344.0,2025-04-17T21:42:12.003274,0.6338911287377642,0.4664406342960204,0.5462663668517087,terbinafine,coordinates_highestspeed_20250415_9_1_with_time_speed.csv,9.0,0.070492923067446,20250415_piworm09_1,9.0
8345.0,2025-04-17T21:42:14.003466,-0.603701082002679,0.46634184684918994,0.5462868239904288,terbinafine,coordinates_highestspeed_20250415_9_1_with_time_speed.csv,9.0,0.8969686052962244,20250415_piworm09_1,9.0
8346.0,2025-04-17T21:42:16.003454,-0.2650131794082531,0.46687028131904484,0.5459787090752272,terbinafine,coordinates_highestspeed_20250415_9_1_with_time_speed.csv,9.0,0.033365227224231846,20250415_piworm09_1,9.0
8347.0,2025-04-17T21:42:18.003280,-0.12848992933704131,0.4676158072514505,0.54564303864446,terbinafine,coordinates_highestspeed_20250415_9_1_with_time_speed.csv,9.0,-0.8811410267853164,20250415_piworm09_1,9.0
8348.0,2025-04-17T21:42:20.003465,-0.575932539922148,0.46747321863590635,0.5456501243363979,terbinafine,coordinates_highestspeed_20250415_9_1_with_time_speed.csv,9.0,0.832454292793168,20250415_piworm09_1,9.0
8349.0,2025-04-17T21:42:22.003454,-0.18534012608574352,0.46808699118572,0.5452514885566221,terbinafine,coordinates_highestspeed_20250415_9_1_with_time_speed.csv,9.0,0.6238332092738279,20250415_piworm09_1,9.0
8350.0,2025-04-17T21:42:24.003392,-0.5126078167415741,0.46813128405013954,0.5454856079828396,terbinafine,coordinates_highestspeed_20250415_9_1_with_time_speed.csv,9.0,-0.540772753982643,20250415_piworm09_1,9.0
8351.0,2025-04-17T21:42:26.003354,-0.21275921570308676,0.4687878047098792,0.545271629778672,terbinafine,coordinates_highestspeed_20250415_9_1_with_time_speed.csv,9.0,-0.8716741576433118,20250415_piworm09_1,9.0
8352.0,2025-04-17T21:42:28.003302,-0.3851850385210757,0.46835901866138263,0.5452337656845629,terbinafine,coordinates_highestspeed_20250415_9_1_with_time_speed.csv,9.0,-0.2411837355926288,20250415_piworm09_1,9.0
8353.0,2025-04-17T21:42:30.003377,-0.5123103405397818,0.46817184817852375,0.5453819378218577,terbinafine,coordinates_highestspeed_20250415_9_1_with_time_speed.csv,9.0,-0.8539750556075764,20250415_piworm09_1,9.0
8354.0,2025-04-17T21:42:32.003351,-0.3153752460127252,0.4686957240923001,0.5452697992603708,terbinafine,coordinates_highestspeed_20250415_9_1_with_time_speed.csv,9.0,-0.41255677975271743,20250415_piworm09_1,9.0
8355.0,2025-04-17T21:42:34.003344,-0.5362278707439934,0.46870865189460387,0.5450675639267903,terbinafine,coordinates_highestspeed_20250415_9_1_with_time_speed.csv,9.0,0.37212416387011593,20250415_piworm09_1,9.0
8356.0,2025-04-17T21:42:36.003283,-0.1734788303518187,0.4694160114720863,0.5448190179498591,terbinafine,coordinates_highestspeed_20250415_9_1_with_time_speed.csv,9.0,0.2553944446565408,20250415_piworm09_1,9.0
8357.0,2025-04-17T21:42:38.003462,-0.23919175768655573,0.46999773282615814,0.5451104617477391,terbinafine,coordinates_highestspeed_20250415_9_1_with_time_speed.csv,9.0,-0.20449537948428653,20250415_piworm09_1,9.0
8358.0,2025-04-17T21:42:40.003402,0.24051894748993402,0.47135017944415186,0.5448671623326515,terbinafine,coordinates_highestspeed_20250415_9_1_with_time_speed.csv,9.0,-0.019524567018873885,20250415_piworm09_1,9.0
8359.0,2025-04-17T21:42:42.003366,-0.41427451788033054,0.4717257418493475,0.5447755225092751,terbinafine,coordinates_highestspeed_20250415_9_1_with_time_speed.csv,9.0,0.08140211220034861,20250415_piworm09_1,9.0
8360.0,2025-04-17T21:42:44.003359,-0.18455624272804064,0.47245869109883515,0.5447875454734754,terbinafine,coordinates_highestspeed_20250415_9_1_with_time_speed.csv,9.0,0.8637679188670506,20250415_piworm09_1,9.0
8361.0,2025-04-17T21:42:46.003320,-0.6252753581847478,0.4723960541385354,0.5448148874644867,terbinafine,coordinates_highestspeed_20250415_9_1_with_time_speed.csv,9.0,0.09044903038071664,20250415_piworm09_1,9.0
8362.0,2025-04-17T21:42:48.003279,0.8202070784260078,0.4701658285814107,0.5451006326191932,terbinafine,coordinates_highestspeed_20250415_9_1_with_time_speed.csv,9.0,0.006212497200813236,20250415_piworm09_1,9.0
8363.0,2025-04-17T21:42:50.003468,-0.17129940341256564,0.4694171668143194,0.5451817376439614,terbinafine,coordinates_highestspeed_20250415_9_1_with_time_speed.csv,9.0,0.7528204378764941,20250415_piworm09_1,9.0
8364.0,2025-04-17T21:42:52.003419,-0.4818529893603235,0.4695975586496281,0.5449615360162756,terbinafine,coordinates_highestspeed_20250415_9_1_with_time_speed.csv,9.0,0.5361664735338374,20250415_piworm09_1,9.0
8365.0,2025-04-17T21:42:54.003366,-0.6493572196558051,0.46961987051918286,0.544984507645414,terbinafine,coordinates_highestspeed_20250415_9_1_with_time_speed.csv,9.0,0.933091765725601,20250415_piworm09_1,9.0
8366.0,2025-04-17T21:42:56.003350,-0.5991547527438414,0.4695303308702032,0.5449245859165356,terbinafine,coordinates_highestspeed_20250415_9_1_with_time_speed.csv,9.0,-0.1989912088278461,20250415_piworm09_1,9.0
8367.0,2025-04-17T21:42:58.003303,-0.508299893026078,0.4692857142857143,0.5449332443257676,terbinafine,coordinates_highestspeed_20250415_9_1_with_time_speed.csv,9.0,0.7901200821014164,20250415_piworm09_1,9.0
8368.0,2025-04-17T21:43:00.003280,-0.6014518627337919,0.4693658210947931,0.5448664886515354,terbinafine,coordinates_highestspeed_20250415_9_1_with_time_speed.csv,9.0,-0.8677604007630495,20250415_piworm09_1,9.0
8369.0,2025-04-17T21:43:02.003508,-0.29942818200481736,0.46882771800308903,0.545020812063143,terbinafine,coordinates_highestspeed_20250415_9_1_with_time_speed.csv,9.0,0.9664419514071625,20250415_piworm09_1,9.0
8370.0,2025-04-17T21:43:04.003422,-0.29357372594686665,0.46935477833372846,0.5448074067604157,terbinafine,coordinates_highestspeed_20250415_9_1_with_time_speed.csv,9.0,0.23112840236398371,20250415_piworm09_1,9.0
8371.0,2025-04-17T21:43:06.003367,-0.24926533726709144,0.4699535584926633,0.5450201544643256,terbinafine,coordinates_highestspeed_20250415_9_1_with_time_speed.csv,9.0,-0.9893244741719135,20250415_piworm09_1,9.0
8372.0,2025-04-17T21:43:08.003353,-0.4466417471444796,0.4696392575721877,0.5448964632582005,terbinafine,coordinates_highestspeed_20250415_9_1_with_time_speed.csv,9.0,-0.20570462470675213,20250415_piworm09_1,9.0
8373.0,2025-04-17T21:43:10.003300,0.40015702860263314,0.46808340460091186,0.5453292562125845,terbinafine,coordinates_highestspeed_20250415_9_1_with_time_speed.csv,9.0,-0.11653638272706002,20250415_piworm09_1,9.0
8374.0,2025-04-17T21:43:12.003381,-0.20840953170898965,0.46752321480958164,0.5457441012530908,terbinafine,coordinates_highestspeed_20250415_9_1_with_time_speed.csv,9.0,0.04316263327445592,20250415_piworm09_1,9.0
8375.0,2025-04-17T21:43:14.003376,-0.3575559655057753,0.4671092988849998,0.5459712048497096,terbinafine,coordinates_highestspeed_20250415_9_1_with_time_speed.csv,9.0,-0.8780678814585307,20250415_piworm09_1,9.0
8376.0,2025-04-17T21:43:16.003308,-0.09814614325620159,0.467966591113733,0.5458689104852983,terbinafine,coordinates_highestspeed_20250415_9_1_with_time_speed.csv,9.0,-0.06556633410470968,20250415_piworm09_1,9.0
8377.0,2025-04-17T21:43:18.003270,0.7607661768724883,0.47001256190520035,0.5451801087821528,terbinafine,coordinates_highestspeed_20250415_9_1_with_time_speed.csv,9.0,0.017822845996311253,20250415_piworm09_1,9.0
8378.0,2025-04-17T21:43:20.003469,-0.42532167571189505,0.4703692024877391,0.5450818847240206,terbinafine,coordinates_highestspeed_20250415_9_1_with_time_speed.csv,9.0,0.1549061618144047,20250415_piworm09_1,9.0
8379.0,2025-04-17T21:43:22.003417,0.09666786233977202,0.4714990357513722,0.5453320476684963,terbinafine,coordinates_highestspeed_20250415_9_1_with_time_speed.csv,9.0,-0.14413326137076468,20250415_piworm09_1,9.0
8380.0,2025-04-17T21:43:24.003386,-0.3690880418974741,0.47194127939231,0.5452262072413141,terbinafine,coordinates_highestspeed_20250415_9_1_with_time_speed.csv,9.0,-0.000572597042607385,20250415_piworm09_1,9.0
8381.0,2025-04-17T21:43:26.003352,-0.43464892056743326,0.4722872086329173,0.5451427591528766,terbinafine,coordinates_highestspeed_20250415_9_1_with_time_speed.csv,9.0,-0.5278835249320015,20250415_piworm09_1,9.0
8382.0,2025-04-17T21:43:28.003313,-0.6288952913507299,0.4722671703592501,0.5450831523444469,terbinafine,coordinates_highestspeed_20250415_9_1_with_time_speed.csv,9.0,0.47518438087046555,20250415_piworm09_1,9.0
8383.0,2025-04-17T21:43:30.003285,-0.11015065653727726,0.4730449661036722,0.54475222626933,terbinafine,coordinates_highestspeed_20250415_9_1_with_time_speed.csv,9.0,0.05077281787118879,20250415_piworm09_1,9.0
8384.0,2025-04-17T21:43:32.003460,-0.3215020553595114,0.4735560311571207,0.544625665040825,terbinafine,coordinates_highestspeed_20250415_9_1_with_time_speed.csv,9.0,0.04300079810290337,20250415_piworm09_1,9.0
8385.0,2025-04-17T21:43:34.003400,-0.35818516369919146,0.4740244792728564,0.5445750327201456,terbinafine,coordinates_highestspeed_20250415_9_1_with_time_speed.csv,9.0,0.8940574694301828,20250415_piworm09_1,9.0
8386.0,2025-04-17T21:43:36.003278,0.28018058755999503,0.4727273905660622,0.545186462208511,terbinafine,coordinates_highestspeed_20250415_9_1_with_time_speed.csv,9.0,0.06491501442819685,20250415_piworm09_1,9.0
8387.0,2025-04-17T21:43:38.003473,0.06689442273662095,0.4716460758319386,0.545447137654588,terbinafine,coordinates_highestspeed_20250415_9_1_with_time_speed.csv,9.0,0.076378941080514,20250415_piworm09_1,9.0
8388.0,2025-04-17T21:43:40.003404,-0.478648020481687,0.4713565860471412,0.5454461555499499,terbinafine,coordinates_highestspeed_20250415_9_1_with_time_speed.csv,9.0,0.8372782698905362,20250415_piworm09_1,9.0
8389.0,2025-04-17T21:43:42.003387,-0.17331641345433277,0.4720119436753109,0.5450814550763909,terbinafine,coordinates_highestspeed_20250415_9_1_with_time_speed.csv,9.0,0.039243428682416565,20250415_piworm09_1,9.0
8390.0,2025-04-17T21:43:44.003397,-0.07688582250818701,0.47284199445414404,0.5447455581801376,terbinafine,coordinates_highestspeed_20250415_9_1_with_time_speed.csv,9.0,-0.10128787667206317,20250415_piworm09_1,9.0
8391.0,2025-04-17T21:43:46.003304,-0.0972906551616996,0.47350180205731995,0.5441867221926299,terbinafine,coordinates_highestspeed_20250415_9_1_with_time_speed.csv,9.0,-0.9487558652572627,20250415_piworm09_1,9.0
8392.0,2025-04-17T21:43:48.003380,-0.3867395716104912,0.4731349925937735,0.5444074686646873,terbinafine,coordinates_highestspeed_20250415_9_1_with_time_speed.csv,9.0,0.12107198205517178,20250415_piworm09_1,9.0
8393.0,2025-04-17T21:43:50.003332,-0.38258983725661744,0.4727062681156914,0.5444772650234856,terbinafine,coordinates_highestspeed_20250415_9_1_with_time_speed.csv,9.0,-0.2152658398178136,20250415_piworm09_1,9.0
8394.0,2025-04-17T21:43:52.003313,-0.5538594768072882,0.4725884512683578,0.5446080885625277,terbinafine,coordinates_highestspeed_20250415_9_1_with_time_speed.csv,9.0,-0.7333639726198188,20250415_piworm09_1,9.0
8395.0,2025-04-17T21:43:54.003270,-0.6152635365817076,0.4726718958611482,0.5446080885625277,terbinafine,coordinates_highestspeed_20250415_9_1_with_time_speed.csv,9.0,0.9299029428010249,20250415_piworm09_1,9.0
8396.0,2025-04-17T21:43:56.003481,-0.3738059954815985,0.47223508896215366,0.5447058663251683,terbinafine,coordinates_highestspeed_20250415_9_1_with_time_speed.csv,9.0,-0.9913452630882553,20250415_piworm09_1,9.0
8397.0,2025-04-17T21:43:58.003404,-0.33892236048410196,0.47272602786621476,0.5446099072267298,terbinafine,coordinates_highestspeed_20250415_9_1_with_time_speed.csv,9.0,0.08838716723160088,20250415_piworm09_1,9.0
8398.0,2025-04-17T21:44:00.003383,-0.3088743773551196,0.4732696226547678,0.5446560326048767,terbinafine,coordinates_highestspeed_20250415_9_1_with_time_speed.csv,9.0,-0.2525201130580886,20250415_piworm09_1,9.0
8399.0,2025-04-17T21:44:02.003353,-0.536736293886217,0.4734228971962617,0.5445246439697374,terbinafine,coordinates_highestspeed_20250415_9_1_with_time_speed.csv,9.0,0.0623617960417003,20250415_piworm09_1,9.0
8400.0,2025-04-17T21:44:04.003307,-0.4632294798953916,0.4736954236854814,0.5443712183620715,terbinafine,coordinates_highestspeed_20250415_9_1_with_time_speed.csv,9.0,0.036210299687568684,20250415_piworm09_1,9.0
8401.0,2025-04-17T21:44:06.003265,-0.143660065647887,0.4744277285915672,0.5440624743606,terbinafine,coordinates_highestspeed_20250415_9_1_with_time_speed.csv,9.0,-0.8702954058295532,20250415_piworm09_1,9.0
8402.0,2025-04-17T21:44:08.003471,-0.37922865262983374,0.47398830624741034,0.5440587449933244,terbinafine,coordinates_highestspeed_20250415_9_1_with_time_speed.csv,9.0,-0.40358917763195945,20250415_piworm09_1,9.0
8403.0,2025-04-17T21:44:10.003408,-0.6543700568754303,0.47398081162480205,0.5440820318564287,terbinafine,coordinates_highestspeed_20250415_9_1_with_time_speed.csv,9.0,0.31669196288613477,20250415_piworm09_1,9.0
8404.0,2025-04-17T21:44:12.003403,-0.5545098277445688,0.4738118257293249,0.5441278025873578,terbinafine,coordinates_highestspeed_20250415_9_1_with_time_speed.csv,9.0,0.02099160752124111,20250415_piworm09_1,9.0
8405.0,2025-04-17T21:44:14.003346,0.31115173123860385,0.472360232586983,0.544419882247368,terbinafine,coordinates_highestspeed_20250415_9_1_with_time_speed.csv,9.0,-0.03868270118819904,20250415_piworm09_1,9.0
8406.0,2025-04-17T21:44:16.003308,0.5492550321334871,0.47061387973079755,0.5449987738753712,terbinafine,coordinates_highestspeed_20250415_9_1_with_time_speed.csv,9.0,-0.737812082422239,20250415_piworm09_1,9.0
8407.0,2025-04-17T21:44:18.003297,-0.6035261327189507,0.4707024696029644,0.5450475857292789,terbinafine,coordinates_highestspeed_20250415_9_1_with_time_speed.csv,9.0,-0.3611798409498719,20250415_piworm09_1,9.0
8408.0,2025-04-17T21:44:20.003471,-0.3657091799797816,0.47107373110671624,0.544776279245768,terbinafine,coordinates_highestspeed_20250415_9_1_with_time_speed.csv,9.0,0.10788853566767834,20250415_piworm09_1,9.0
8409.0,2025-04-17T21:44:22.003404,0.48529386222551174,0.4727431990449347,0.5442741998149209,terbinafine,coordinates_highestspeed_20250415_9_1_with_time_speed.csv,9.0,-0.032028705108167826,20250415_piworm09_1,9.0
8410.0,2025-04-17T21:44:24.003383,0.05693259945696764,0.47375691673676656,0.5438542333901849,terbinafine,coordinates_highestspeed_20250415_9_1_with_time_speed.csv,9.0,0.9792491272680797,20250415_piworm09_1,9.0
8411.0,2025-04-17T21:44:26.003352,-0.4559424923574585,0.4734665377591578,0.5439973604652948,terbinafine,coordinates_highestspeed_20250415_9_1_with_time_speed.csv,9.0,-0.9775463024777225,20250415_piworm09_1,9.0
8412.0,2025-04-17T21:44:28.003309,0.08822988287722798,0.47452619271454644,0.543564990006399,terbinafine,coordinates_highestspeed_20250415_9_1_with_time_speed.csv,9.0,-0.2235008479548296,20250415_piworm09_1,9.0
8413.0,2025-04-17T21:44:30.003298,-0.5405886654789417,0.47461694958357176,0.5433911882510013,terbinafine,coordinates_highestspeed_20250415_9_1_with_time_speed.csv,9.0,0.29990100910026424,20250415_piworm09_1,9.0
8414.0,2025-04-17T21:44:32.003480,0.9073543569100873,0.4769710399205922,0.5430416821031882,terbinafine,coordinates_highestspeed_20250415_9_1_with_time_speed.csv,9.0,-0.008731352894639848,20250415_piworm09_1,9.0
8415.0,2025-04-17T21:44:34.003411,1.2514117010591952,0.4798256649892164,0.5425374858786074,terbinafine,coordinates_highestspeed_20250415_9_1_with_time_speed.csv,9.0,0.8643993845703325,20250415_piworm09_1,9.0
8416.0,2025-04-17T21:44:36.003400,-0.4684140875790885,0.4795741400905675,0.5427098674521355,terbinafine,coordinates_highestspeed_20250415_9_1_with_time_speed.csv,9.0,0.043134267919459554,20250415_piworm09_1,9.0
8417.0,2025-04-17T21:44:38.003348,-0.4551343635998231,0.4792837336228525,0.5428556756994674,terbinafine,coordinates_highestspeed_20250415_9_1_with_time_speed.csv,9.0,0.19474105406058478,20250415_piworm09_1,9.0
8418.0,2025-04-17T21:44:40.003311,-0.3706827208011629,0.47883625053184464,0.5427896536040728,terbinafine,coordinates_highestspeed_20250415_9_1_with_time_speed.csv,9.0,-0.7008414766025204,20250415_piworm09_1,9.0
8419.0,2025-04-17T21:44:42.003279,-0.5661584682798898,0.4789096084156164,0.5429290335832392,terbinafine,coordinates_highestspeed_20250415_9_1_with_time_speed.csv,9.0,0.5657121129512644,20250415_piworm09_1,9.0
8420.0,2025-04-17T21:44:44.003478,-0.36508013692117836,0.47846652679763496,0.5430555025748617,terbinafine,coordinates_highestspeed_20250415_9_1_with_time_speed.csv,9.0,0.06639960043651577,20250415_piworm09_1,9.0
8421.0,2025-04-17T21:44:46.003408,1.418154064528747,0.47532382357763564,0.54327407303305,terbinafine,coordinates_highestspeed_20250415_9_1_with_time_speed.csv,9.0,-0.11449789323806794,20250415_piworm09_1,9.0
8422.0,2025-04-17T21:44:48.003382,0.14595200565189623,0.4742039665550343,0.5437865011822095,terbinafine,coordinates_highestspeed_20250415_9_1_with_time_speed.csv,9.0,-0.7132182708431871,20250415_piworm09_1,9.0
8423.0,2025-04-17T21:44:50.003357,-0.5579292622638898,0.47435532020221716,0.5438637284169154,terbinafine,coordinates_highestspeed_20250415_9_1_with_time_speed.csv,9.0,-0.5558674564470816,20250415_piworm09_1,9.0
8424.0,2025-04-17T21:44:52.003308,-0.5743947488445382,0.4743976817574948,0.5437249666221629,terbinafine,coordinates_highestspeed_20250415_9_1_with_time_speed.csv,9.0,0.18102146493240062,20250415_piworm09_1,9.0
8425.0,2025-04-17T21:44:54.003274,-0.10929290933149097,0.475041991472501,0.543175847366381,terbinafine,coordinates_highestspeed_20250415_9_1_with_time_speed.csv,9.0,0.6975488200066553,20250415_piworm09_1,9.0
8426.0,2025-04-17T21:44:56.003467,-0.586129874493473,0.4750528298216607,0.5433027701394354,terbinafine,coordinates_highestspeed_20250415_9_1_with_time_speed.csv,9.0,0.43005124168900644,20250415_piworm09_1,9.0
8427.0,2025-04-17T21:44:58.003402,0.04194320727417393,0.4740277484989733,0.5436254186869041,terbinafine,coordinates_highestspeed_20250415_9_1_with_time_speed.csv,9.0,0.02775642558782983,20250415_piworm09_1,9.0
8428.0,2025-04-17T21:45:00.003379,-0.4581816402107649,0.473714953271028,0.5436946231338755,terbinafine,coordinates_highestspeed_20250415_9_1_with_time_speed.csv,9.0,-0.11384084646565952,20250415_piworm09_1,9.0
8429.0,2025-04-17T21:45:02.003360,-0.45432083876003765,0.473441290896823,0.5438721162266534,terbinafine,coordinates_highestspeed_20250415_9_1_with_time_speed.csv,9.0,-0.8403715433284051,20250415_piworm09_1,9.0
8430.0,2025-04-17T21:45:04.003316,0.252446390683922,0.4748296379758754,0.5437693417813347,terbinafine,coordinates_highestspeed_20250415_9_1_with_time_speed.csv,9.0,-0.7156396534478658,20250415_piworm09_1,9.0
8431.0,2025-04-17T21:45:06.003281,-0.471338373215266,0.4746244993324432,0.543549732977303,terbinafine,coordinates_highestspeed_20250415_9_1_with_time_speed.csv,9.0,-0.806173081942614,20250415_piworm09_1,9.0
8432.0,2025-04-17T21:45:08.003470,-0.6514726276014309,0.47462859183794953,0.5435782742170027,terbinafine,coordinates_highestspeed_20250415_9_1_with_time_speed.csv,9.0,0.5069617534497104,20250415_piworm09_1,9.0
8433.0,2025-04-17T21:45:10.003405,0.8392639328315474,0.47236791913026893,0.5438521202873673,terbinafine,coordinates_highestspeed_20250415_9_1_with_time_speed.csv,9.0,-0.01857391623728704,20250415_piworm09_1,9.0
8434.0,2025-04-17T21:45:12.003374,1.5298332764751472,0.46910215347579154,0.5444426765912408,terbinafine,coordinates_highestspeed_20250415_9_1_with_time_speed.csv,9.0,0.030337854453892997,20250415_piworm09_1,9.0
8435.0,2025-04-17T21:45:14.003347,-0.03284540772276039,0.4681436500782769,0.5445229849613359,terbinafine,coordinates_highestspeed_20250415_9_1_with_time_speed.csv,9.0,-0.2385945635014259,20250415_piworm09_1,9.0
8436.0,2025-04-17T21:45:16.003293,-0.12958921338896906,0.46759488842265884,0.5451268357810414,terbinafine,coordinates_highestspeed_20250415_9_1_with_time_speed.csv,9.0,0.8940831248038256,20250415_piworm09_1,9.0
8437.0,2025-04-17T21:45:18.003430,-0.5020486602876303,0.46769502193400725,0.5448931909212283,terbinafine,coordinates_highestspeed_20250415_9_1_with_time_speed.csv,9.0,-0.7422949605611796,20250415_piworm09_1,9.0
8438.0,2025-04-17T21:45:20.003350,-0.3505649725920408,0.46724266716855956,0.5450615504961094,terbinafine,coordinates_highestspeed_20250415_9_1_with_time_speed.csv,9.0,-0.02775545717979859,20250415_piworm09_1,9.0
8439.0,2025-04-17T21:45:22.003308,-0.4426195347985509,0.46693209994278084,0.5452090883082206,terbinafine,coordinates_highestspeed_20250415_9_1_with_time_speed.csv,9.0,0.12342453727659927,20250415_piworm09_1,9.0
8440.0,2025-04-17T21:45:24.003279,0.27036639693302533,0.46551513128615934,0.5452881619937695,terbinafine,coordinates_highestspeed_20250415_9_1_with_time_speed.csv,9.0,-0.056749676675446864,20250415_piworm09_1,9.0
8441.0,2025-04-17T21:45:26.003474,1.4758040882856134,0.4623661365646459,0.5460388816593714,terbinafine,coordinates_highestspeed_20250415_9_1_with_time_speed.csv,9.0,0.047936262446349805,20250415_piworm09_1,9.0
8442.0,2025-04-17T21:45:28.003405,-0.07925419756325727,0.461477372128355,0.5461132084158188,terbinafine,coordinates_highestspeed_20250415_9_1_with_time_speed.csv,9.0,0.9894533726880594,20250415_piworm09_1,9.0
8443.0,2025-04-17T21:45:30.003417,-0.44389598274130854,0.46181695714405996,0.546073443269705,terbinafine,coordinates_highestspeed_20250415_9_1_with_time_speed.csv,9.0,0.014734988426103287,20250415_piworm09_1,9.0
8444.0,2025-04-17T21:45:32.003377,0.395477681733779,0.463420857439549,0.5459605399792316,terbinafine,coordinates_highestspeed_20250415_9_1_with_time_speed.csv,9.0,0.0011615670631076587,20250415_piworm09_1,9.0
8445.0,2025-04-17T21:45:34.003304,1.1153282974927246,0.466108446378436,0.5457812062173433,terbinafine,coordinates_highestspeed_20250415_9_1_with_time_speed.csv,9.0,-0.048085946639503815,20250415_piworm09_1,9.0
8446.0,2025-04-17T21:45:36.003261,-0.5315427705303796,0.4663132110031006,0.5457359123459379,terbinafine,coordinates_highestspeed_20250415_9_1_with_time_speed.csv,9.0,0.007499760784894201,20250415_piworm09_1,9.0
8447.0,2025-04-17T21:45:38.003464,0.6324740930421379,0.46824160609207344,0.545356771992286,terbinafine,coordinates_highestspeed_20250415_9_1_with_time_speed.csv,9.0,0.25369203671010376,20250415_piworm09_1,9.0
8448.0,2025-04-17T21:45:40.003418,1.3705115712500495,0.47077736301463174,0.5471022587940383,terbinafine,coordinates_highestspeed_20250415_9_1_with_time_speed.csv,9.0,0.11690252211936435,20250415_piworm09_1,9.0
8449.0,2025-04-17T21:45:42.003382,0.9790260759202674,0.47218356870193123,0.549154741533312,terbinafine,coordinates_highestspeed_20250415_9_1_with_time_speed.csv,9.0,0.8919502793122918,20250415_piworm09_1,9.0
8450.0,2025-04-17T21:45:44.003352,2.0176888130429633,0.46890901389268685,0.5467638243226578,terbinafine,coordinates_highestspeed_20250415_9_1_with_time_speed.csv,9.0,-0.02828263230120579,20250415_piworm09_1,9.0
8451.0,2025-04-17T21:45:46.003323,0.44509349576202956,0.46746732646586886,0.5458960571281586,terbinafine,coordinates_highestspeed_20250415_9_1_with_time_speed.csv,9.0,0.9758894645515291,20250415_piworm09_1,9.0
8452.0,2025-04-17T21:45:48.003388,0.785596376157476,0.4694293245695115,0.5468830235185376,terbinafine,coordinates_highestspeed_20250415_9_1_with_time_speed.csv,9.0,0.038215341912925735,20250415_piworm09_1,9.0
8453.0,2025-04-17T21:45:50.003338,0.8274203521653639,0.47131154296263333,0.5481327641244568,terbinafine,coordinates_highestspeed_20250415_9_1_with_time_speed.csv,9.0,-0.089354500782713,20250415_piworm09_1,9.0
8454.0,2025-04-17T21:45:52.003352,-0.011471520501501783,0.47225963546108474,0.5484316827723308,terbinafine,coordinates_highestspeed_20250415_9_1_with_time_speed.csv,9.0,0.2624770065042093,20250415_piworm09_1,9.0
8455.0,2025-04-17T21:45:54.003275,0.12979634260302858,0.47277466636612164,0.5495234627410862,terbinafine,coordinates_highestspeed_20250415_9_1_with_time_speed.csv,9.0,-0.8740103470725731,20250415_piworm09_1,9.0
8456.0,2025-04-17T21:45:56.003479,-0.2553618756569064,0.4727465112542865,0.5488978388889196,terbinafine,coordinates_highestspeed_20250415_9_1_with_time_speed.csv,9.0,-0.3363813652052788,20250415_piworm09_1,9.0
8457.0,2025-04-17T21:45:58.003406,3.0106859479615675,0.4677939684959059,0.5463880309654646,terbinafine,coordinates_highestspeed_20250415_9_1_with_time_speed.csv,9.0,0.8826186072784912,20250415_piworm09_1,9.0
8458.0,2025-04-17T21:46:00.003387,-0.37291514439769025,0.4682406730987228,0.5464329798221528,terbinafine,coordinates_highestspeed_20250415_9_1_with_time_speed.csv,9.0,0.21432217993298913,20250415_piworm09_1,9.0
8459.0,2025-04-17T21:46:02.003349,2.832694998248831,0.47202066523480585,0.5501248040866084,terbinafine,coordinates_highestspeed_20250415_9_1_with_time_speed.csv,9.0,0.03492970997017907,20250415_piworm09_1,9.0
8460.0,2025-04-17T21:46:04.003294,0.8685302411678725,0.47349373632929015,0.5519188705508054,terbinafine,coordinates_highestspeed_20250415_9_1_with_time_speed.csv,9.0,0.17280729519000498,20250415_piworm09_1,9.0
8461.0,2025-04-17T21:46:06.003385,-0.13376089883417916,0.47361038346487294,0.552720082472833,terbinafine,coordinates_highestspeed_20250415_9_1_with_time_speed.csv,9.0,-0.5516130239359786,20250415_piworm09_1,9.0
8462.0,2025-04-17T21:46:08.003359,-0.41205333841288805,0.47398211621097036,0.5526023493509553,terbinafine,coordinates_highestspeed_20250415_9_1_with_time_speed.csv,9.0,0.5063544473067468,20250415_piworm09_1,9.0
8463.0,2025-04-17T21:46:10.003305,0.19945434139445947,0.4743532687457921,0.5538609884404279,terbinafine,coordinates_highestspeed_20250415_9_1_with_time_speed.csv,9.0,0.9904666497182018,20250415_piworm09_1,9.0
8464.0,2025-04-17T21:46:12.003262,0.5774068480640284,0.47376706059316354,0.5520723409961462,terbinafine,coordinates_highestspeed_20250415_9_1_with_time_speed.csv,9.0,-0.03830590154618012,20250415_piworm09_1,9.0
8465.0,2025-04-17T21:46:14.003462,0.02884748369352165,0.47332055275980506,0.5511165884997661,terbinafine,coordinates_highestspeed_20250415_9_1_with_time_speed.csv,9.0,-0.9187699546799253,20250415_piworm09_1,9.0
8466.0,2025-04-17T21:46:16.003433,1.572697968014435,0.4739324563899407,0.5544441769353674,terbinafine,coordinates_highestspeed_20250415_9_1_with_time_speed.csv,9.0,-0.13363509041092453,20250415_piworm09_1,9.0
8467.0,2025-04-17T21:46:18.003379,-0.15761315277655263,0.4743703855853389,0.555081989661429,terbinafine,coordinates_highestspeed_20250415_9_1_with_time_speed.csv,9.0,0.24931922555891747,20250415_piworm09_1,9.0
8468.0,2025-04-17T21:46:20.003382,-0.13199350491309275,0.4742236961109436,0.5558809595589819,terbinafine,coordinates_highestspeed_20250415_9_1_with_time_speed.csv,9.0,0.1106336045307771,20250415_piworm09_1,9.0
8469.0,2025-04-17T21:46:22.003304,-0.45764076953463423,0.4740615692718496,0.5561582109479306,terbinafine,coordinates_highestspeed_20250415_9_1_with_time_speed.csv,9.0,0.9455031443017408,20250415_piworm09_1,9.0
8470.0,2025-04-17T21:46:24.003277,0.5096539046521357,0.47468520118327706,0.5544909552606089,terbinafine,coordinates_highestspeed_20250415_9_1_with_time_speed.csv,9.0,-0.13348158453467734,20250415_piworm09_1,9.0
8471.0,2025-04-17T21:46:26.003472,0.6524851012347181,0.47456273509275687,0.5524992227079026,terbinafine,coordinates_highestspeed_20250415_9_1_with_time_speed.csv,9.0,-0.9684737847966182,20250415_piworm09_1,9.0
8472.0,2025-04-17T21:46:28.003392,0.19290286636272075,0.47451373615719994,0.5538006415192595,terbinafine,coordinates_highestspeed_20250415_9_1_with_time_speed.csv,9.0,-0.10435566191623286,20250415_piworm09_1,9.0
8473.0,2025-04-17T21:46:30.003315,0.5962804867057097,0.475060497329773,0.5556314669559412,terbinafine,coordinates_highestspeed_20250415_9_1_with_time_speed.csv,9.0,0.17682305567235496,20250415_piworm09_1,9.0
8474.0,2025-04-17T21:46:32.003478,-0.3335096568839865,0.4749271995206207,0.556122073525856,terbinafine,coordinates_highestspeed_20250415_9_1_with_time_speed.csv,9.0,-0.09479965607312682,20250415_piworm09_1,9.0
8475.0,2025-04-17T21:46:34.003403,1.2673467583711722,0.4750222518914108,0.5590433709592588,terbinafine,coordinates_highestspeed_20250415_9_1_with_time_speed.csv,9.0,-0.7948388688287126,20250415_piworm09_1,9.0
8476.0,2025-04-17T21:46:36.003384,-0.5264004793408428,0.47514719078990564,0.5588653724091138,terbinafine,coordinates_highestspeed_20250415_9_1_with_time_speed.csv,9.0,0.8065909896966862,20250415_piworm09_1,9.0
8477.0,2025-04-17T21:46:38.003362,-0.13576188322196953,0.4751436463192489,0.5596720053188327,terbinafine,coordinates_highestspeed_20250415_9_1_with_time_speed.csv,9.0,0.07577983153928622,20250415_piworm09_1,9.0
8478.0,2025-04-17T21:46:40.003310,-0.0979359101023048,0.4749362786745965,0.5605104326429731,terbinafine,coordinates_highestspeed_20250415_9_1_with_time_speed.csv,9.0,0.941651603747307,20250415_piworm09_1,9.0
8479.0,2025-04-17T21:46:42.003280,1.1516998676125532,0.47509877115064986,0.5577668183428245,terbinafine,coordinates_highestspeed_20250415_9_1_with_time_speed.csv,9.0,-0.24592830577082248,20250415_piworm09_1,9.0
8480.0,2025-04-17T21:46:44.003466,-0.3195171705129903,0.4747522441846581,0.5573664615150824,terbinafine,coordinates_highestspeed_20250415_9_1_with_time_speed.csv,9.0,-0.7220920193162244,20250415_piworm09_1,9.0
8481.0,2025-04-17T21:46:46.003452,0.4250966621882013,0.4744895781894886,0.5589979942815687,terbinafine,coordinates_highestspeed_20250415_9_1_with_time_speed.csv,9.0,0.34679002623212896,20250415_piworm09_1,9.0
8482.0,2025-04-17T21:46:48.003380,-0.5487674029230682,0.4743152682541123,0.559056087728622,terbinafine,coordinates_highestspeed_20250415_9_1_with_time_speed.csv,9.0,-0.4532788004747303,20250415_piworm09_1,9.0
8483.0,2025-04-17T21:46:50.003346,-0.052945089038785746,0.4744773853722772,0.5599734196584792,terbinafine,coordinates_highestspeed_20250415_9_1_with_time_speed.csv,9.0,-0.020885459265596085,20250415_piworm09_1,9.0
8484.0,2025-04-17T21:46:52.003308,-0.4500077229783639,0.47455663868415116,0.5602965293145807,terbinafine,coordinates_highestspeed_20250415_9_1_with_time_speed.csv,9.0,-0.8882680860065676,20250415_piworm09_1,9.0
8485.0,2025-04-17T21:46:54.003264,0.8137575810545327,0.47480347488729363,0.5580714495261244,terbinafine,coordinates_highestspeed_20250415_9_1_with_time_speed.csv,9.0,-0.04853114808717766,20250415_piworm09_1,9.0
8486.0,2025-04-17T21:46:56.003528,0.3301008056339911,0.47474012969673857,0.5565635132557696,terbinafine,coordinates_highestspeed_20250415_9_1_with_time_speed.csv,9.0,0.9902736124065048,20250415_piworm09_1,9.0
8487.0,2025-04-17T21:46:58.003427,1.7785561423219505,0.47500784578641375,0.5602476608918132,terbinafine,coordinates_highestspeed_20250415_9_1_with_time_speed.csv,9.0,0.05291118469405907,20250415_piworm09_1,9.0
8488.0,2025-04-17T21:47:00.003373,-0.006947416933587147,0.4749142106831147,0.5612441933597414,terbinafine,coordinates_highestspeed_20250415_9_1_with_time_speed.csv,9.0,0.8282834353043089,20250415_piworm09_1,9.0
8489.0,2025-04-17T21:47:02.003328,0.4048910586331387,0.47421484097176303,0.5597806421022422,terbinafine,coordinates_highestspeed_20250415_9_1_with_time_speed.csv,9.0,0.16833286187441082,20250415_piworm09_1,9.0
8490.0,2025-04-17T21:47:04.003295,2.369906143650189,0.47459527566336646,0.5552106994029558,terbinafine,coordinates_highestspeed_20250415_9_1_with_time_speed.csv,9.0,0.9360058430458943,20250415_piworm09_1,9.0
8491.0,2025-04-17T21:47:06.003349,-0.5897698804285693,0.4746096244267719,0.5553317466767284,terbinafine,coordinates_highestspeed_20250415_9_1_with_time_speed.csv,9.0,0.0685729499900599,20250415_piworm09_1,9.0
8492.0,2025-04-17T21:47:08.003493,2.4590925173674636,0.4741504078266821,0.5600296193243652,terbinafine,coordinates_highestspeed_20250415_9_1_with_time_speed.csv,9.0,0.8342044143147832,20250415_piworm09_1,9.0
8493.0,2025-04-17T21:47:10.003410,-0.5587798869386502,0.4740811188129073,0.5598758771207881,terbinafine,coordinates_highestspeed_20250415_9_1_with_time_speed.csv,9.0,0.14858881634706755,20250415_piworm09_1,9.0
8494.0,2025-04-17T21:47:12.003362,1.9053665314830739,0.4742496167729813,0.5559944123028236,terbinafine,coordinates_highestspeed_20250415_9_1_with_time_speed.csv,9.0,-0.0033358437143492163,20250415_piworm09_1,9.0
8495.0,2025-04-17T21:47:14.003344,1.3585322592689542,0.4743502965193902,0.5529356972086813,terbinafine,coordinates_highestspeed_20250415_9_1_with_time_speed.csv,9.0,-0.3286872870581004,20250415_piworm09_1,9.0
8496.0,2025-04-17T21:47:16.003298,-0.0875272883612951,0.473610459591768,0.5524603375070665,terbinafine,coordinates_highestspeed_20250415_9_1_with_time_speed.csv,9.0,-0.68261607962413,20250415_piworm09_1,9.0
8497.0,2025-04-17T21:47:18.003275,1.1943584526684756,0.4736177917588748,0.5552730886234919,terbinafine,coordinates_highestspeed_20250415_9_1_with_time_speed.csv,9.0,0.06644546628369598,20250415_piworm09_1,9.0
8498.0,2025-04-17T21:47:20.003441,1.6722274301595585,0.47289455247260376,0.55873177437904,terbinafine,coordinates_highestspeed_20250415_9_1_with_time_speed.csv,9.0,0.14562668991045588,20250415_piworm09_1,9.0
8499.0,2025-04-17T21:47:22.003397,0.00654875477930361,0.4722654596372399,0.559536292292162,terbinafine,coordinates_highestspeed_20250415_9_1_with_time_speed.csv,9.0,0.06162450007579197,20250415_piworm09_1,9.0
8500.0,2025-04-17T21:47:24.003269,-0.19263796610835487,0.4717204638864892,0.560008115395691,terbinafine,coordinates_highestspeed_20250415_9_1_with_time_speed.csv,9.0,-0.08180744401180699,20250415_piworm09_1,9.0
8501.0,2025-04-17T21:47:26.003461,0.5313221357827181,0.47069656093181717,0.5615040086289108,terbinafine,coordinates_highestspeed_20250415_9_1_with_time_speed.csv,9.0,0.015954605223920844,20250415_piworm09_1,9.0
8502.0,2025-04-17T21:47:28.003414,0.9178986927949819,0.4692459821651685,0.5634107508763914,terbinafine,coordinates_highestspeed_20250415_9_1_with_time_speed.csv,9.0,0.17534961806513272,20250415_piworm09_1,9.0
8503.0,2025-04-17T21:47:30.003380,0.8742102191507617,0.467073381793008,0.5642523364485982,terbinafine,coordinates_highestspeed_20250415_9_1_with_time_speed.csv,9.0,0.09956726291321474,20250415_piworm09_1,9.0
8504.0,2025-04-17T21:47:32.003351,-0.3970129354471193,0.46666143092751117,0.5642757462438606,terbinafine,coordinates_highestspeed_20250415_9_1_with_time_speed.csv,9.0,-0.10727738990353007,20250415_piworm09_1,9.0
8505.0,2025-04-17T21:47:34.003313,-0.078519528209538,0.46583680201052385,0.5646183707127711,terbinafine,coordinates_highestspeed_20250415_9_1_with_time_speed.csv,9.0,-0.14378062641549977,20250415_piworm09_1,9.0
8506.0,2025-04-17T21:47:36.003276,0.2944338979980959,0.46487129037547137,0.5657074930316446,terbinafine,coordinates_highestspeed_20250415_9_1_with_time_speed.csv,9.0,-0.9153255867358175,20250415_piworm09_1,9.0
8507.0,2025-04-17T21:47:38.003466,2.162240224900922,0.4684463420032414,0.5633679130105738,terbinafine,coordinates_highestspeed_20250415_9_1_with_time_speed.csv,9.0,-0.14959058338717304,20250415_piworm09_1,9.0
8508.0,2025-04-17T21:47:40.003396,-0.22441871573755762,0.46878150459115553,0.5627843927958366,terbinafine,coordinates_highestspeed_20250415_9_1_with_time_speed.csv,9.0,-0.12300203059272327,20250415_piworm09_1,9.0
8509.0,2025-04-17T21:47:42.003378,-0.4255434962757988,0.46883122746592876,0.5624181678631089,terbinafine,coordinates_highestspeed_20250415_9_1_with_time_speed.csv,9.0,0.31871320245596174,20250415_piworm09_1,9.0
8510.0,2025-04-17T21:47:44.003344,0.32697170444867296,0.4701959201415841,0.5617847051883131,terbinafine,coordinates_highestspeed_20250415_9_1_with_time_speed.csv,9.0,-0.0536271388750157,20250415_piworm09_1,9.0
8511.0,2025-04-17T21:47:46.003306,-0.07268464304053619,0.47093862706836864,0.5612732512127785,terbinafine,coordinates_highestspeed_20250415_9_1_with_time_speed.csv,9.0,0.7626679271119953,20250415_piworm09_1,9.0
8512.0,2025-04-17T21:47:48.003275,-0.48417312644991106,0.470876683504273,0.5615475011228489,terbinafine,coordinates_highestspeed_20250415_9_1_with_time_speed.csv,9.0,0.31338639328066836,20250415_piworm09_1,9.0
8513.0,2025-04-17T21:47:50.003461,1.2150606217124842,0.4682191640135565,0.5625603368594023,terbinafine,coordinates_highestspeed_20250415_9_1_with_time_speed.csv,9.0,-0.0857389558196666,20250415_piworm09_1,9.0
8514.0,2025-04-17T21:47:52.003400,-0.04102368764487382,0.4674538729234608,0.5631224145855677,terbinafine,coordinates_highestspeed_20250415_9_1_with_time_speed.csv,9.0,0.22312272909582617,20250415_piworm09_1,9.0
8515.0,2025-04-17T21:47:54.003374,0.03548839920713258,0.46639137189114604,0.5630506102312377,terbinafine,coordinates_highestspeed_20250415_9_1_with_time_speed.csv,9.0,-0.020547413256149723,20250415_piworm09_1,9.0
8516.0,2025-04-17T21:47:56.003338,1.0752518064566814,0.4637582620448664,0.5630429049432164,terbinafine,coordinates_highestspeed_20250415_9_1_with_time_speed.csv,9.0,-0.9854156395015334,20250415_piworm09_1,9.0
8517.0,2025-04-17T21:47:58.003341,1.1471292230264178,0.46649653412421976,0.5631764862374925,terbinafine,coordinates_highestspeed_20250415_9_1_with_time_speed.csv,9.0,-0.14579028496663857,20250415_piworm09_1,9.0
8518.0,2025-04-17T21:48:00.003360,1.4919280014313092,0.4694887300714678,0.5618785832089845,terbinafine,coordinates_highestspeed_20250415_9_1_with_time_speed.csv,9.0,0.18031562685290534,20250415_piworm09_1,9.0
8519.0,2025-04-17T21:48:02.003444,-0.46585604917800927,0.4697937067841428,0.5619269272129376,terbinafine,coordinates_highestspeed_20250415_9_1_with_time_speed.csv,9.0,0.8074854226234294,20250415_piworm09_1,9.0
8520.0,2025-04-17T21:48:04.003395,0.327183663212732,0.46843708277703605,0.562578229305741,terbinafine,coordinates_highestspeed_20250415_9_1_with_time_speed.csv,9.0,-0.03768468240252992,20250415_piworm09_1,9.0
8521.0,2025-04-17T21:48:06.003280,0.44811896374261345,0.46701292780618064,0.5634830180077501,terbinafine,coordinates_highestspeed_20250415_9_1_with_time_speed.csv,9.0,-0.10536034015510645,20250415_piworm09_1,9.0
8522.0,2025-04-17T21:48:08.003471,0.4358717006998916,0.46597165014345365,0.5647870920092037,terbinafine,coordinates_highestspeed_20250415_9_1_with_time_speed.csv,9.0,0.12655099845023837,20250415_piworm09_1,9.0
8523.0,2025-04-17T21:48:10.003401,-0.3273853316268188,0.46551724137931033,0.5650349891809769,terbinafine,coordinates_highestspeed_20250415_9_1_with_time_speed.csv,9.0,-0.08525872338226925,20250415_piworm09_1,9.0
8524.0,2025-04-17T21:48:12.003418,-0.3355783476342738,0.4651535380507343,0.565385731700238,terbinafine,coordinates_highestspeed_20250415_9_1_with_time_speed.csv,9.0,-0.17629131011022123,20250415_piworm09_1,9.0
8525.0,2025-04-17T21:48:14.003371,-0.5432218287937751,0.46510606734905796,0.5655718736092568,terbinafine,coordinates_highestspeed_20250415_9_1_with_time_speed.csv,9.0,-0.20435801054053704,20250415_piworm09_1,9.0
8526.0,2025-04-17T21:48:16.003305,0.5703873906775004,0.4658216487820552,0.5673013533951217,terbinafine,coordinates_highestspeed_20250415_9_1_with_time_speed.csv,9.0,-0.8293080731547028,20250415_piworm09_1,9.0
8527.0,2025-04-17T21:48:18.003274,1.4011150193870157,0.4662698412698412,0.5642090688819661,terbinafine,coordinates_highestspeed_20250415_9_1_with_time_speed.csv,9.0,0.28354921199884486,20250415_piworm09_1,9.0
8528.0,2025-04-17T21:48:20.003437,0.8276968263540148,0.468212609131684,0.5630548873151914,terbinafine,coordinates_highestspeed_20250415_9_1_with_time_speed.csv,9.0,-0.9648608402164829,20250415_piworm09_1,9.0
8529.0,2025-04-17T21:48:22.003422,0.32911299181959924,0.4668393837285693,0.5636774959204865,terbinafine,coordinates_highestspeed_20250415_9_1_with_time_speed.csv,9.0,-0.8631400660823718,20250415_piworm09_1,9.0
8530.0,2025-04-17T21:48:24.003378,-0.4021358682958043,0.46724426895435045,0.5636792318836463,terbinafine,coordinates_highestspeed_20250415_9_1_with_time_speed.csv,9.0,-0.18706706544515395,20250415_piworm09_1,9.0
8531.0,2025-04-17T21:48:26.003325,1.7769777037559003,0.4703251570105432,0.561645721949146,terbinafine,coordinates_highestspeed_20250415_9_1_with_time_speed.csv,9.0,-0.07887520258664128,20250415_piworm09_1,9.0
8532.0,2025-04-17T21:48:28.003312,0.1712816801748814,0.4711809478164618,0.5607077242591261,terbinafine,coordinates_highestspeed_20250415_9_1_with_time_speed.csv,9.0,0.23390222862922658,20250415_piworm09_1,9.0
8533.0,2025-04-17T21:48:30.003260,-0.2579546406161665,0.4718004067728934,0.5606478419824563,terbinafine,coordinates_highestspeed_20250415_9_1_with_time_speed.csv,9.0,0.9051615301381735,20250415_piworm09_1,9.0
8534.0,2025-04-17T21:48:32.003474,0.3265456972486577,0.4704119110824809,0.5612256030089405,terbinafine,coordinates_highestspeed_20250415_9_1_with_time_speed.csv,9.0,-0.01216375977132484,20250415_piworm09_1,9.0
8535.0,2025-04-17T21:48:34.003396,0.32905829226223543,0.469043061431306,0.5618575771711679,terbinafine,coordinates_highestspeed_20250415_9_1_with_time_speed.csv,9.0,0.08074005946527364,20250415_piworm09_1,9.0
8536.0,2025-04-17T21:48:36.003401,0.023509953188005986,0.4680129060970183,0.5620438362260792,terbinafine,coordinates_highestspeed_20250415_9_1_with_time_speed.csv,9.0,-0.05190856016749149,20250415_piworm09_1,9.0
8537.0,2025-04-17T21:48:38.003336,0.022382619339932304,0.4670282599020917,0.5623943035157989,terbinafine,coordinates_highestspeed_20250415_9_1_with_time_speed.csv,9.0,-0.42844585122411605,20250415_piworm09_1,9.0
8538.0,2025-04-17T21:48:40.003289,-0.47165494065605795,0.4670633308179021,0.5626922853659951,terbinafine,coordinates_highestspeed_20250415_9_1_with_time_speed.csv,9.0,-0.3819611656003273,20250415_piworm09_1,9.0
8539.0,2025-04-17T21:48:42.003360,-0.455883918217494,0.46737679224473216,0.5627735531433216,terbinafine,coordinates_highestspeed_20250415_9_1_with_time_speed.csv,9.0,-0.1792176860291041,20250415_piworm09_1,9.0
8540.0,2025-04-17T21:48:44.003340,0.6236184659006173,0.46923608988691745,0.5621792912638538,terbinafine,coordinates_highestspeed_20250415_9_1_with_time_speed.csv,9.0,-0.3731839241275047,20250415_piworm09_1,9.0
8541.0,2025-04-17T21:48:46.003293,-0.30894284947906037,0.46928459736198197,0.5616360075431314,terbinafine,coordinates_highestspeed_20250415_9_1_with_time_speed.csv,9.0,0.011821129563865104,20250415_piworm09_1,9.0
8542.0,2025-04-17T21:48:48.003376,-0.4001725754720921,0.4693359261624195,0.5612314003212012,terbinafine,coordinates_highestspeed_20250415_9_1_with_time_speed.csv,9.0,-0.3597960586244373,20250415_piworm09_1,9.0
8543.0,2025-04-17T21:48:50.003335,-0.15929697726875566,0.4686853086345092,0.5608174430018189,terbinafine,coordinates_highestspeed_20250415_9_1_with_time_speed.csv,9.0,-0.12038570601905128,20250415_piworm09_1,9.0
8544.0,2025-04-17T21:48:52.003299,-0.060130254968699004,0.46778089850011834,0.5606449625141213,terbinafine,coordinates_highestspeed_20250415_9_1_with_time_speed.csv,9.0,-0.27718370535718756,20250415_piworm09_1,9.0
8545.0,2025-04-17T21:48:54.003272,-0.23176372591192762,0.46726724296817757,0.5610623367632713,terbinafine,coordinates_highestspeed_20250415_9_1_with_time_speed.csv,9.0,-0.22407328072171404,20250415_piworm09_1,9.0
8546.0,2025-04-17T21:48:56.003455,-0.43568281623534655,0.46720224667372584,0.5614106164541227,terbinafine,coordinates_highestspeed_20250415_9_1_with_time_speed.csv,9.0,-0.613607810208138,20250415_piworm09_1,9.0
8547.0,2025-04-17T21:48:58.003399,0.7549464808867616,0.4693203992269413,0.5610417619763415,terbinafine,coordinates_highestspeed_20250415_9_1_with_time_speed.csv,9.0,-0.0473874805134825,20250415_piworm09_1,9.0
8548.0,2025-04-17T21:49:00.003376,0.5805942229343743,0.4711109064960177,0.5604458562885891,terbinafine,coordinates_highestspeed_20250415_9_1_with_time_speed.csv,9.0,0.09399433756716574,20250415_piworm09_1,9.0
8549.0,2025-04-17T21:49:02.003333,-0.29950739184761715,0.4716703931882403,0.5604313113602608,terbinafine,coordinates_highestspeed_20250415_9_1_with_time_speed.csv,9.0,0.8190835512285719,20250415_piworm09_1,9.0
8550.0,2025-04-17T21:49:04.003296,0.14484871886342968,0.4706514396353172,0.5611200059574785,terbinafine,coordinates_highestspeed_20250415_9_1_with_time_speed.csv,9.0,0.9777804969605578,20250415_piworm09_1,9.0
8551.0,2025-04-17T21:49:06.003281,0.015953065451010474,0.47146679666941815,0.5604817488324682,terbinafine,coordinates_highestspeed_20250415_9_1_with_time_speed.csv,9.0,-0.04264502943520086,20250415_piworm09_1,9.0
8552.0,2025-04-17T21:49:08.003469,0.8422530436408707,0.47305952724043215,0.5588479205754515,terbinafine,coordinates_highestspeed_20250415_9_1_with_time_speed.csv,9.0,-0.12379106080048713,20250415_piworm09_1,9.0
8553.0,2025-04-17T21:49:10.003415,0.9111923548842954,0.4739527507725481,0.5566357647442286,terbinafine,coordinates_highestspeed_20250415_9_1_with_time_speed.csv,9.0,-0.012712651656986953,20250415_piworm09_1,9.0
8554.0,2025-04-17T21:49:12.003378,-0.530245356805936,0.4740241026214101,0.5564364821230069,terbinafine,coordinates_highestspeed_20250415_9_1_with_time_speed.csv,9.0,-0.9442900205777117,20250415_piworm09_1,9.0
8555.0,2025-04-17T21:49:14.003343,0.8227206024642709,0.47290727258986825,0.5583923218379223,terbinafine,coordinates_highestspeed_20250415_9_1_with_time_speed.csv,9.0,0.06218960371101835,20250415_piworm09_1,9.0
8556.0,2025-04-17T21:49:16.003311,1.2433682512628286,0.4710164277007024,0.5605735183142742,terbinafine,coordinates_highestspeed_20250415_9_1_with_time_speed.csv,9.0,5.545931878915211e-06,20250415_piworm09_1,9.0
8557.0,2025-04-17T21:49:18.003284,1.1462432188333576,0.4692214988716519,0.5626439973061427,terbinafine,coordinates_highestspeed_20250415_9_1_with_time_speed.csv,9.0,0.09779804449052064,20250415_piworm09_1,9.0
8558.0,2025-04-17T21:49:20.003465,0.636848797520588,0.4675396983211658,0.5636735505496691,terbinafine,coordinates_highestspeed_20250415_9_1_with_time_speed.csv,9.0,0.0034443280319988376,20250415_piworm09_1,9.0
8559.0,2025-04-17T21:49:22.003396,0.3525335678607194,0.4662149809704779,0.5644649297264956,terbinafine,coordinates_highestspeed_20250415_9_1_with_time_speed.csv,9.0,-0.05369086495281874,20250415_piworm09_1,9.0
8560.0,2025-04-17T21:49:24.003307,-0.06469557859817349,0.4655202921163962,0.5650586323933919,terbinafine,coordinates_highestspeed_20250415_9_1_with_time_speed.csv,9.0,-0.11063723164208539,20250415_piworm09_1,9.0
8561.0,2025-04-17T21:49:26.003463,-0.5084414820529569,0.4653996177910416,0.5652713421817324,terbinafine,coordinates_highestspeed_20250415_9_1_with_time_speed.csv,9.0,0.24759567938407723,20250415_piworm09_1,9.0
8562.0,2025-04-17T21:49:28.003441,-0.32774050186606807,0.46490222257127145,0.5654127071389302,terbinafine,coordinates_highestspeed_20250415_9_1_with_time_speed.csv,9.0,-0.04819302267553028,20250415_piworm09_1,9.0
8563.0,2025-04-17T21:49:30.003370,-0.41471045547713775,0.464551160076953,0.5655729949644144,terbinafine,coordinates_highestspeed_20250415_9_1_with_time_speed.csv,9.0,-0.07362795572811645,20250415_piworm09_1,9.0
8564.0,2025-04-17T21:49:32.003324,-0.2631040407272663,0.4640655036590973,0.5659496202405421,terbinafine,coordinates_highestspeed_20250415_9_1_with_time_speed.csv,9.0,-0.05015483779353768,20250415_piworm09_1,9.0
8565.0,2025-04-17T21:49:34.003291,0.0007993550765346878,0.46337260253024587,0.5666880363244973,terbinafine,coordinates_highestspeed_20250415_9_1_with_time_speed.csv,9.0,-0.514534385695717,20250415_piworm09_1,9.0
8566.0,2025-04-17T21:49:36.003380,-0.5017133423316348,0.4635661003662376,0.5668536642128342,terbinafine,coordinates_highestspeed_20250415_9_1_with_time_speed.csv,9.0,0.11326908577785988,20250415_piworm09_1,9.0
8567.0,2025-04-17T21:49:38.003323,-0.5391520819167579,0.4636623565057824,0.567026964415263,terbinafine,coordinates_highestspeed_20250415_9_1_with_time_speed.csv,9.0,-0.6308744221736678,20250415_piworm09_1,9.0
8568.0,2025-04-17T21:49:40.003298,0.38115481286919856,0.46462567373782326,0.5657667012807198,terbinafine,coordinates_highestspeed_20250415_9_1_with_time_speed.csv,9.0,0.08454830244424041,20250415_piworm09_1,9.0
8569.0,2025-04-17T21:49:42.003275,0.6781901208510198,0.4662419848288002,0.5645314829338969,terbinafine,coordinates_highestspeed_20250415_9_1_with_time_speed.csv,9.0,-0.8471062055814587,20250415_piworm09_1,9.0
8570.0,2025-04-17T21:49:44.003463,-0.2788678094268896,0.46565991893094694,0.5646327235112282,terbinafine,coordinates_highestspeed_20250415_9_1_with_time_speed.csv,9.0,-0.18308913818080863,20250415_piworm09_1,9.0
8571.0,2025-04-17T21:49:46.003403,2.1201865914207563,0.4625727107508984,0.5674938096610459,terbinafine,coordinates_highestspeed_20250415_9_1_with_time_speed.csv,9.0,-0.07111306268128427,20250415_piworm09_1,9.0
8572.0,2025-04-17T21:49:48.003362,-0.02989064316541159,0.4620270974153879,0.5682913540924521,terbinafine,coordinates_highestspeed_20250415_9_1_with_time_speed.csv,9.0,-0.07093072717757631,20250415_piworm09_1,9.0
8573.0,2025-04-17T21:49:50.003341,0.21468740855723986,0.4615353805073431,0.5695327102803738,terbinafine,coordinates_highestspeed_20250415_9_1_with_time_speed.csv,9.0,0.7285326236054286,20250415_piworm09_1,9.0
8574.0,2025-04-17T21:49:52.003327,-0.4618458194071136,0.46139120237918635,0.569252830935074,terbinafine,coordinates_highestspeed_20250415_9_1_with_time_speed.csv,9.0,0.4376075189023175,20250415_piworm09_1,9.0
8575.0,2025-04-17T21:49:54.003461,1.0054249565003401,0.46336987905055677,0.5676797306096142,terbinafine,coordinates_highestspeed_20250415_9_1_with_time_speed.csv,9.0,-0.04198110150695951,20250415_piworm09_1,9.0
8576.0,2025-04-17T21:49:56.003344,1.0854817273547965,0.4652083119372839,0.5657731676423265,terbinafine,coordinates_highestspeed_20250415_9_1_with_time_speed.csv,9.0,-0.13116926909754736,20250415_piworm09_1,9.0
8577.0,2025-04-17T21:49:58.003291,-0.451472610780719,0.465323222424645,0.5654633106868271,terbinafine,coordinates_highestspeed_20250415_9_1_with_time_speed.csv,9.0,-0.5839233842664792,20250415_piworm09_1,9.0
8578.0,2025-04-17T21:50:00.003377,-0.4055780976809167,0.4649251962117714,0.5654267995957226,terbinafine,coordinates_highestspeed_20250415_9_1_with_time_speed.csv,9.0,-0.8528588125491936,20250415_piworm09_1,9.0
8579.0,2025-04-17T21:50:02.003344,-0.6005226283586872,0.4650150818375118,0.5654823715571379,terbinafine,coordinates_highestspeed_20250415_9_1_with_time_speed.csv,9.0,-0.39272278591463006,20250415_piworm09_1,9.0
8580.0,2025-04-17T21:50:04.003293,0.26634660771633245,0.46611383985987437,0.5645937702869881,terbinafine,coordinates_highestspeed_20250415_9_1_with_time_speed.csv,9.0,0.007916467317453378,20250415_piworm09_1,9.0
8581.0,2025-04-17T21:50:06.003378,0.5682588279695241,0.46759542318106384,0.5634553236090488,terbinafine,coordinates_highestspeed_20250415_9_1_with_time_speed.csv,9.0,-0.9640038484948877,20250415_piworm09_1,9.0
8582.0,2025-04-17T21:50:08.003349,-0.3112929182471765,0.46713121300242033,0.5637349037681901,terbinafine,coordinates_highestspeed_20250415_9_1_with_time_speed.csv,9.0,-0.10789461351786166,20250415_piworm09_1,9.0
8583.0,2025-04-17T21:50:10.003354,0.5487400362636934,0.46596096382478225,0.5651535380507343,terbinafine,coordinates_highestspeed_20250415_9_1_with_time_speed.csv,9.0,-0.044567206759849015,20250415_piworm09_1,9.0
8584.0,2025-04-17T21:50:12.003303,0.4039586639726109,0.4651142301410341,0.5665354143934722,terbinafine,coordinates_highestspeed_20250415_9_1_with_time_speed.csv,9.0,-0.026513675258979186,20250415_piworm09_1,9.0
8585.0,2025-04-17T21:50:14.003457,1.0744525546590504,0.4639306309121382,0.5688861744737664,terbinafine,coordinates_highestspeed_20250415_9_1_with_time_speed.csv,9.0,0.029638337252592253,20250415_piworm09_1,9.0
8586.0,2025-04-17T21:50:16.003399,0.5622523105362264,0.46294364708500224,0.5704620048954161,terbinafine,coordinates_highestspeed_20250415_9_1_with_time_speed.csv,9.0,0.013466340277774852,20250415_piworm09_1,9.0
8587.0,2025-04-17T21:50:18.003277,0.3951532387702171,0.46203358864450844,0.5717869439955028,terbinafine,coordinates_highestspeed_20250415_9_1_with_time_speed.csv,9.0,0.05309208427168226,20250415_piworm09_1,9.0
8588.0,2025-04-17T21:50:20.003463,0.028546853109675183,0.4613005664803542,0.5725449375061287,terbinafine,coordinates_highestspeed_20250415_9_1_with_time_speed.csv,9.0,0.9640825147778318,20250415_piworm09_1,9.0
8589.0,2025-04-17T21:50:22.003424,1.990013729643801,0.46374758180975995,0.5693645949701643,terbinafine,coordinates_highestspeed_20250415_9_1_with_time_speed.csv,9.0,-0.005955585265137923,20250415_piworm09_1,9.0
8590.0,2025-04-17T21:50:24.003379,1.8383779936408418,0.46599862087178506,0.5663228627180563,terbinafine,coordinates_highestspeed_20250415_9_1_with_time_speed.csv,9.0,0.029338683238878453,20250415_piworm09_1,9.0
8591.0,2025-04-17T21:50:26.003342,0.9191346732396704,0.4675962507833574,0.5645350262935614,terbinafine,coordinates_highestspeed_20250415_9_1_with_time_speed.csv,9.0,-0.055793282837794174,20250415_piworm09_1,9.0
8592.0,2025-04-17T21:50:28.003305,0.35651313929326006,0.468411214953271,0.5632176234979973,terbinafine,coordinates_highestspeed_20250415_9_1_with_time_speed.csv,9.0,-0.9177751550513479,20250415_piworm09_1,9.0
8593.0,2025-04-17T21:50:30.003260,0.45734897067549823,0.46717636093407566,0.5643877371085977,terbinafine,coordinates_highestspeed_20250415_9_1_with_time_speed.csv,9.0,0.1521019866406119,20250415_piworm09_1,9.0
8594.0,2025-04-17T21:50:32.003491,-0.09076468063463035,0.4663360671371352,0.5646299520712716,terbinafine,coordinates_highestspeed_20250415_9_1_with_time_speed.csv,9.0,-0.08349956756843861,20250415_piworm09_1,9.0
8595.0,2025-04-17T21:50:34.003392,0.11503608478435597,0.46532157819621567,0.5652421619630772,terbinafine,coordinates_highestspeed_20250415_9_1_with_time_speed.csv,9.0,0.06377014251830906,20250415_piworm09_1,9.0
8596.0,2025-04-17T21:50:36.003273,-0.34103312728037094,0.46485342279734804,0.5654091495212991,terbinafine,coordinates_highestspeed_20250415_9_1_with_time_speed.csv,9.0,0.055759398176015836,20250415_piworm09_1,9.0
8597.0,2025-04-17T21:50:38.003463,-0.6030646195363353,0.4647530040053405,0.5654261237205163,terbinafine,coordinates_highestspeed_20250415_9_1_with_time_speed.csv,9.0,0.8563175220447771,20250415_piworm09_1,9.0
8598.0,2025-04-17T21:50:40.003402,1.2776522743720278,0.4671464671063564,0.5637215858626954,terbinafine,coordinates_highestspeed_20250415_9_1_with_time_speed.csv,9.0,0.018728306312208513,20250415_piworm09_1,9.0
8599.0,2025-04-17T21:50:42.003283,0.3735101241688101,0.4684806659270263,0.562885098754521,terbinafine,coordinates_highestspeed_20250415_9_1_with_time_speed.csv,9.0,0.1426196520610201,20250415_piworm09_1,9.0
8600.0,2025-04-17T21:50:44.003469,-0.23443375293316193,0.46913436917500306,0.5628116071025459,terbinafine,coordinates_highestspeed_20250415_9_1_with_time_speed.csv,9.0,0.10168400150435176,20250415_piworm09_1,9.0
8601.0,2025-04-17T21:50:46.003402,-0.5875565667045507,0.46925691582335227,0.562837406396935,terbinafine,coordinates_highestspeed_20250415_9_1_with_time_speed.csv,9.0,0.9675339067058513,20250415_piworm09_1,9.0
8602.0,2025-04-17T21:50:48.003403,-0.2888171935326896,0.46868431836508084,0.5627767716691562,terbinafine,coordinates_highestspeed_20250415_9_1_with_time_speed.csv,9.0,-0.30825251545007465,20250415_piworm09_1,9.0
8603.0,2025-04-17T21:50:50.003347,1.8591292023966461,0.4662034227454788,0.5656754460492778,terbinafine,coordinates_highestspeed_20250415_9_1_with_time_speed.csv,9.0,-0.091624300974189,20250415_piworm09_1,9.0
8604.0,2025-04-17T21:50:52.003305,-0.09662808085761825,0.4658504021622326,0.566465856914911,terbinafine,coordinates_highestspeed_20250415_9_1_with_time_speed.csv,9.0,0.22337718055565137,20250415_piworm09_1,9.0
8605.0,2025-04-17T21:50:54.003156,-0.25350659498416434,0.4652836948427049,0.5667389014498394,terbinafine,coordinates_highestspeed_20250415_9_1_with_time_speed.csv,9.0,-0.18212722170994308,20250415_piworm09_1,9.0
8606.0,2025-04-17T21:50:56.003461,-0.35936381509230725,0.4650384910376957,0.567139164275772,terbinafine,coordinates_highestspeed_20250415_9_1_with_time_speed.csv,9.0,-0.023497178134035485,20250415_piworm09_1,9.0
8607.0,2025-04-17T21:50:58.003443,-0.18616218594972722,0.46470381561380086,0.5677886304546412,terbinafine,coordinates_highestspeed_20250415_9_1_with_time_speed.csv,9.0,0.07147792155561669,20250415_piworm09_1,9.0
8608.0,2025-04-17T21:51:00.003370,1.0209032341056332,0.46305958965695754,0.5697392441622844,terbinafine,coordinates_highestspeed_20250415_9_1_with_time_speed.csv,9.0,-0.034499299592755876,20250415_piworm09_1,9.0
8609.0,2025-04-17T21:51:02.003330,0.12561816915624277,0.4623894922960343,0.5707357557824847,terbinafine,coordinates_highestspeed_20250415_9_1_with_time_speed.csv,9.0,-0.04790486732100329,20250415_piworm09_1,9.0
8610.0,2025-04-17T21:51:04.003301,-0.6156103325321762,0.46235406073346025,0.570810726358549,terbinafine,coordinates_highestspeed_20250415_9_1_with_time_speed.csv,9.0,-0.9147144683170546,20250415_piworm09_1,9.0
8611.0,2025-04-17T21:51:06.003276,1.541036553865086,0.4645268836290391,0.5682798644821226,terbinafine,coordinates_highestspeed_20250415_9_1_with_time_speed.csv,9.0,0.03141122485700925,20250415_piworm09_1,9.0
8612.0,2025-04-17T21:51:08.003471,1.8287587867187192,0.4672522164383972,0.5656755824245061,terbinafine,coordinates_highestspeed_20250415_9_1_with_time_speed.csv,9.0,-0.11230225739047965,20250415_piworm09_1,9.0
8613.0,2025-04-17T21:51:10.003394,0.05334385219799229,0.4677323387705346,0.5646949555929645,terbinafine,coordinates_highestspeed_20250415_9_1_with_time_speed.csv,9.0,-0.6274053588381556,20250415_piworm09_1,9.0
8614.0,2025-04-17T21:51:12.003347,-0.4671402192379725,0.46742595569603007,0.5646780741669164,terbinafine,coordinates_highestspeed_20250415_9_1_with_time_speed.csv,9.0,0.6952195751976847,20250415_piworm09_1,9.0
8615.0,2025-04-17T21:51:14.003335,0.39399847841643626,0.4684209487855729,0.5634178905206942,terbinafine,coordinates_highestspeed_20250415_9_1_with_time_speed.csv,9.0,0.055654185181527135,20250415_piworm09_1,9.0
8616.0,2025-04-17T21:51:16.003292,0.6791440681845509,0.4699411421801839,0.5620639726207713,terbinafine,coordinates_highestspeed_20250415_9_1_with_time_speed.csv,9.0,0.0689092920291679,20250415_piworm09_1,9.0
8617.0,2025-04-17T21:51:18.003266,0.4339856540101909,0.47139417330822464,0.5612490598818803,terbinafine,coordinates_highestspeed_20250415_9_1_with_time_speed.csv,9.0,-0.2606859536249327,20250415_piworm09_1,9.0
8618.0,2025-04-17T21:51:20.003452,0.19146894746445173,0.47170411612646646,0.5599863647984548,terbinafine,coordinates_highestspeed_20250415_9_1_with_time_speed.csv,9.0,0.2960965849159613,20250415_piworm09_1,9.0
8619.0,2025-04-17T21:51:22.003407,0.02844420043923547,0.47267524068659755,0.5595759183834423,terbinafine,coordinates_highestspeed_20250415_9_1_with_time_speed.csv,9.0,-0.9588994718007994,20250415_piworm09_1,9.0
8620.0,2025-04-17T21:51:24.003370,-0.5515379777413995,0.47250222518914103,0.5596239430351581,terbinafine,coordinates_highestspeed_20250415_9_1_with_time_speed.csv,9.0,0.09722403899016184,20250415_piworm09_1,9.0
8621.0,2025-04-17T21:51:26.003346,-0.07833412135138368,0.4716095076575717,0.5595929708079241,terbinafine,coordinates_highestspeed_20250415_9_1_with_time_speed.csv,9.0,-0.30837135070077665,20250415_piworm09_1,9.0
8622.0,2025-04-17T21:51:28.003326,0.3958998823866544,0.4706531785971038,0.5608863099517305,terbinafine,coordinates_highestspeed_20250415_9_1_with_time_speed.csv,9.0,0.133886758102431,20250415_piworm09_1,9.0
8623.0,2025-04-17T21:51:30.003261,-0.38821481713058625,0.4702822153676166,0.5610955092102369,terbinafine,coordinates_highestspeed_20250415_9_1_with_time_speed.csv,9.0,0.0025506319802027005,20250415_piworm09_1,9.0
8624.0,2025-04-17T21:51:32.003480,0.5045956669120716,0.46873141780076516,0.5619537534640024,terbinafine,coordinates_highestspeed_20250415_9_1_with_time_speed.csv,9.0,0.15027793965962952,20250415_piworm09_1,9.0
8625.0,2025-04-17T21:51:34.003405,0.7149126024107331,0.46664293131582857,0.5620234386589527,terbinafine,coordinates_highestspeed_20250415_9_1_with_time_speed.csv,9.0,-0.06051790757052052,20250415_piworm09_1,9.0
8626.0,2025-04-17T21:51:36.003380,-0.5487997698859369,0.46646381221473593,0.5620641475455647,terbinafine,coordinates_highestspeed_20250415_9_1_with_time_speed.csv,9.0,-0.8883222739727222,20250415_piworm09_1,9.0
8627.0,2025-04-17T21:51:38.003353,0.28946239453952094,0.46790005721914935,0.5622480768008138,terbinafine,coordinates_highestspeed_20250415_9_1_with_time_speed.csv,9.0,0.8761628807725337,20250415_piworm09_1,9.0
8628.0,2025-04-17T21:51:40.003308,-0.3587137725912583,0.4674456908276456,0.5623697640467663,terbinafine,coordinates_highestspeed_20250415_9_1_with_time_speed.csv,9.0,-0.4920100013795621,20250415_piworm09_1,9.0
8629.0,2025-04-17T21:51:42.003275,-0.34598880689025313,0.4675604338811195,0.5628456990272744,terbinafine,coordinates_highestspeed_20250415_9_1_with_time_speed.csv,9.0,-0.6565071508570874,20250415_piworm09_1,9.0
8630.0,2025-04-17T21:51:44.003457,0.15792138101396416,0.4684930407925875,0.5620140158265383,terbinafine,coordinates_highestspeed_20250415_9_1_with_time_speed.csv,9.0,0.05872372616574803,20250415_piworm09_1,9.0
8631.0,2025-04-17T21:51:46.003412,-0.5204682603734884,0.46868680040335076,0.5618968751584391,terbinafine,coordinates_highestspeed_20250415_9_1_with_time_speed.csv,9.0,0.3323899473579342,20250415_piworm09_1,9.0
8632.0,2025-04-17T21:51:48.003383,-0.5063397121509894,0.468904145555301,0.5620157420493713,terbinafine,coordinates_highestspeed_20250415_9_1_with_time_speed.csv,9.0,0.9606994907800943,20250415_piworm09_1,9.0
8633.0,2025-04-17T21:51:50.003399,-0.331770669703966,0.4684290164663997,0.5618276220145378,terbinafine,coordinates_highestspeed_20250415_9_1_with_time_speed.csv,9.0,0.0349088974587233,20250415_piworm09_1,9.0
8634.0,2025-04-17T21:51:52.003306,-0.18015877439267372,0.4677752154387669,0.5614816869823547,terbinafine,coordinates_highestspeed_20250415_9_1_with_time_speed.csv,9.0,-0.021597977417362288,20250415_piworm09_1,9.0
8635.0,2025-04-17T21:51:54.003259,-0.33508945377151744,0.4673129389911186,0.5612759041040227,terbinafine,coordinates_highestspeed_20250415_9_1_with_time_speed.csv,9.0,-0.581885179266425,20250415_piworm09_1,9.0
8636.0,2025-04-17T21:51:56.003489,-0.2946418770952397,0.46722172773574644,0.5618355337981508,terbinafine,coordinates_highestspeed_20250415_9_1_with_time_speed.csv,9.0,0.7395000077807501,20250415_piworm09_1,9.0
8637.0,2025-04-17T21:51:58.003402,-0.5458236211107665,0.4671068273679975,0.5616865104766783,terbinafine,coordinates_highestspeed_20250415_9_1_with_time_speed.csv,9.0,0.2797455935936887,20250415_piworm09_1,9.0
8638.0,2025-04-17T21:52:00.003363,-0.6088244894378394,0.4671273409591167,0.5615956410348935,terbinafine,coordinates_highestspeed_20250415_9_1_with_time_speed.csv,9.0,0.14347202870366585,20250415_piworm09_1,9.0
8639.0,2025-04-17T21:52:02.003365,-0.5102243275629752,0.4672780592463897,0.561406475008891,terbinafine,coordinates_highestspeed_20250415_9_1_with_time_speed.csv,9.0,0.6019896312844402,20250415_piworm09_1,9.0
8640.0,2025-04-17T21:52:04.003307,-0.572577710587095,0.46735877722020164,0.5615303162837807,terbinafine,coordinates_highestspeed_20250415_9_1_with_time_speed.csv,9.0,-0.16326117302057802,20250415_piworm09_1,9.0
8641.0,2025-04-17T21:52:06.003290,0.054113162879592114,0.4683281412253375,0.5620353063343718,terbinafine,coordinates_highestspeed_20250415_9_1_with_time_speed.csv,9.0,-0.6563567099330532,20250415_piworm09_1,9.0
8642.0,2025-04-17T21:52:08.003462,-0.29290563132442843,0.4683219082025334,0.5614657077784385,terbinafine,coordinates_highestspeed_20250415_9_1_with_time_speed.csv,9.0,-0.08751513759143999,20250415_piworm09_1,9.0
8643.0,2025-04-17T21:52:10.003420,-0.5588099323695481,0.46827436582109483,0.5613039608366711,terbinafine,coordinates_highestspeed_20250415_9_1_with_time_speed.csv,9.0,-0.41998643110949707,20250415_piworm09_1,9.0
8644.0,2025-04-17T21:52:12.003381,-0.3339580300605047,0.4677669516802545,0.5613214782831009,terbinafine,coordinates_highestspeed_20250415_9_1_with_time_speed.csv,9.0,-0.09220934988486906,20250415_piworm09_1,9.0
8645.0,2025-04-17T21:52:14.003341,0.013419598206915673,0.4667890520694259,0.5616501013697275,terbinafine,coordinates_highestspeed_20250415_9_1_with_time_speed.csv,9.0,0.0904601207239231,20250415_piworm09_1,9.0
8646.0,2025-04-17T21:52:16.003303,-0.07509394514085238,0.46589162909035947,0.5616860216137238,terbinafine,coordinates_highestspeed_20250415_9_1_with_time_speed.csv,9.0,-0.08404980971654354,20250415_piworm09_1,9.0
8647.0,2025-04-17T21:52:18.003262,-0.006193300048286043,0.46493553401314475,0.5619860296820882,terbinafine,coordinates_highestspeed_20250415_9_1_with_time_speed.csv,9.0,0.8882480114756062,20250415_piworm09_1,9.0
8648.0,2025-04-17T21:52:20.003478,-0.4072202945528093,0.4652505164431514,0.5617440168981529,terbinafine,coordinates_highestspeed_20250415_9_1_with_time_speed.csv,9.0,0.3491337266511204,20250415_piworm09_1,9.0
8649.0,2025-04-17T21:52:22.003400,0.6957700307146228,0.46711351175509813,0.5626249551008791,terbinafine,coordinates_highestspeed_20250415_9_1_with_time_speed.csv,9.0,-0.3680523198334136,20250415_piworm09_1,9.0
8650.0,2025-04-17T21:52:24.003281,0.221743184810002,0.46813012588212854,0.56174303833683,terbinafine,coordinates_highestspeed_20250415_9_1_with_time_speed.csv,9.0,-0.41455056192985285,20250415_piworm09_1,9.0
8651.0,2025-04-17T21:52:26.003472,-0.25219339771618265,0.46785785302389,0.5611737635996932,terbinafine,coordinates_highestspeed_20250415_9_1_with_time_speed.csv,9.0,-0.7345751625771764,20250415_piworm09_1,9.0
8652.0,2025-04-17T21:52:28.003392,-0.3580369455278304,0.46767962002433927,0.5616101704928105,terbinafine,coordinates_highestspeed_20250415_9_1_with_time_speed.csv,9.0,0.6142485674751731,20250415_piworm09_1,9.0
8653.0,2025-04-17T21:52:30.003379,-0.3130335883613002,0.46728381204437774,0.5612439004218013,terbinafine,coordinates_highestspeed_20250415_9_1_with_time_speed.csv,9.0,0.07232178935247187,20250415_piworm09_1,9.0
8654.0,2025-04-17T21:52:32.003370,-0.4335712828543467,0.46708287105812446,0.5609482439810201,terbinafine,coordinates_highestspeed_20250415_9_1_with_time_speed.csv,9.0,0.13397624500983957,20250415_piworm09_1,9.0
8655.0,2025-04-17T21:52:34.003302,-0.3822056366471898,0.46700670017781004,0.5605200174733747,terbinafine,coordinates_highestspeed_20250415_9_1_with_time_speed.csv,9.0,0.8573060819831794,20250415_piworm09_1,9.0
8656.0,2025-04-17T21:52:36.003286,-0.26734165250116104,0.4673622144760132,0.5610134780008337,terbinafine,coordinates_highestspeed_20250415_9_1_with_time_speed.csv,9.0,-0.8579911819188819,20250415_piworm09_1,9.0
8657.0,2025-04-17T21:52:38.003473,-0.4211184273997272,0.46729552446740585,0.5606431764091252,terbinafine,coordinates_highestspeed_20250415_9_1_with_time_speed.csv,9.0,0.030983581839546692,20250415_piworm09_1,9.0
8658.0,2025-04-17T21:52:40.003432,-0.2529390902764171,0.4672446525043237,0.5600153228214272,terbinafine,coordinates_highestspeed_20250415_9_1_with_time_speed.csv,9.0,-0.08444204003561082,20250415_piworm09_1,9.0
8659.0,2025-04-17T21:52:42.003381,-0.2659294177008945,0.4670375951912994,0.559441200570718,terbinafine,coordinates_highestspeed_20250415_9_1_with_time_speed.csv,9.0,0.2745427907492858,20250415_piworm09_1,9.0
8660.0,2025-04-17T21:52:44.003361,-0.2864262421270715,0.4673236631893372,0.55893734018239,terbinafine,coordinates_highestspeed_20250415_9_1_with_time_speed.csv,9.0,-0.08229993240834485,20250415_piworm09_1,9.0
8661.0,2025-04-17T21:52:46.003311,-0.5311948201507677,0.46737726805139096,0.5587340497712797,terbinafine,coordinates_highestspeed_20250415_9_1_with_time_speed.csv,9.0,-0.960946973240347,20250415_piworm09_1,9.0
8662.0,2025-04-17T21:52:48.003256,-0.6510527555617109,0.4673663244982381,0.5587614086541618,terbinafine,coordinates_highestspeed_20250415_9_1_with_time_speed.csv,9.0,-0.27737942651549596,20250415_piworm09_1,9.0
8663.0,2025-04-17T21:52:50.003460,-0.564601754780646,0.467441683762632,0.5589023847514843,terbinafine,coordinates_highestspeed_20250415_9_1_with_time_speed.csv,9.0,0.14188670858951996,20250415_piworm09_1,9.0
8664.0,2025-04-17T21:52:52.003398,-0.23199838089977085,0.4674715444197971,0.5595632048957624,terbinafine,coordinates_highestspeed_20250415_9_1_with_time_speed.csv,9.0,-0.7892619680806632,20250415_piworm09_1,9.0
8665.0,2025-04-17T21:52:54.003367,-0.18900650374048966,0.4678917344337905,0.5589707488772909,terbinafine,coordinates_highestspeed_20250415_9_1_with_time_speed.csv,9.0,0.16894269515328542,20250415_piworm09_1,9.0
8666.0,2025-04-17T21:52:56.003341,-0.24353577246017577,0.46847901866880526,0.5587062613632738,terbinafine,coordinates_highestspeed_20250415_9_1_with_time_speed.csv,9.0,0.00456468342127416,20250415_piworm09_1,9.0
8667.0,2025-04-17T21:52:58.003302,-0.07981484532659071,0.4692966148958104,0.55835206435585,terbinafine,coordinates_highestspeed_20250415_9_1_with_time_speed.csv,9.0,-0.1583103087727757,20250415_piworm09_1,9.0
8668.0,2025-04-17T21:53:00.003253,-0.3871974501571528,0.4695602366941931,0.5580156257726351,terbinafine,coordinates_highestspeed_20250415_9_1_with_time_speed.csv,9.0,0.2165348612841713,20250415_piworm09_1,9.0
8669.0,2025-04-17T21:53:02.003497,-0.13072685773926304,0.4703537853814919,0.5578332565347701,terbinafine,coordinates_highestspeed_20250415_9_1_with_time_speed.csv,9.0,0.23130088838043944,20250415_piworm09_1,9.0
8670.0,2025-04-17T21:53:04.003383,-0.44150962490412105,0.4706568680038683,0.5579991308058839,terbinafine,coordinates_highestspeed_20250415_9_1_with_time_speed.csv,9.0,-0.42504109684242497,20250415_piworm09_1,9.0
8671.0,2025-04-17T21:53:06.003273,-0.10219631459751609,0.4712325341042418,0.5573639048575327,terbinafine,coordinates_highestspeed_20250415_9_1_with_time_speed.csv,9.0,0.09377690492604397,20250415_piworm09_1,9.0
8672.0,2025-04-17T21:53:08.003504,0.39211764766083435,0.47260732321171506,0.55653993425627,terbinafine,coordinates_highestspeed_20250415_9_1_with_time_speed.csv,9.0,0.010132199483620047,20250415_piworm09_1,9.0
8673.0,2025-04-17T21:53:10.003391,0.14774664293740414,0.4736856349005881,0.5559394507992639,terbinafine,coordinates_highestspeed_20250415_9_1_with_time_speed.csv,9.0,-0.13561502713698237,20250415_piworm09_1,9.0
8674.0,2025-04-17T21:53:12.003375,-0.5270821125057483,0.4738143096930423,0.5557654107916246,terbinafine,coordinates_highestspeed_20250415_9_1_with_time_speed.csv,9.0,0.1994297869005594,20250415_piworm09_1,9.0
8675.0,2025-04-17T21:53:14.003313,0.05883143635391521,0.4748627954879296,0.5554322952524033,terbinafine,coordinates_highestspeed_20250415_9_1_with_time_speed.csv,9.0,0.03350143492946761,20250415_piworm09_1,9.0
8676.0,2025-04-17T21:53:16.003295,-0.4871224811221274,0.4751338583114284,0.555376676872004,terbinafine,coordinates_highestspeed_20250415_9_1_with_time_speed.csv,9.0,0.21079688542537944,20250415_piworm09_1,9.0
8677.0,2025-04-17T21:53:18.003379,-0.37052958567298466,0.47553940233067954,0.5555775327322576,terbinafine,coordinates_highestspeed_20250415_9_1_with_time_speed.csv,9.0,0.8012770756462242,20250415_piworm09_1,9.0
8678.0,2025-04-17T21:53:20.003319,-0.12511190026957994,0.4747277979835183,0.5557122139864648,terbinafine,coordinates_highestspeed_20250415_9_1_with_time_speed.csv,9.0,0.10619340907563547,20250415_piworm09_1,9.0
8679.0,2025-04-17T21:53:22.003320,-0.347708509012647,0.4742477720851261,0.5556302241147067,terbinafine,coordinates_highestspeed_20250415_9_1_with_time_speed.csv,9.0,-0.5804184318949637,20250415_piworm09_1,9.0
8680.0,2025-04-17T21:53:24.003258,-0.601785012538565,0.4742564241308529,0.5557336360374773,terbinafine,coordinates_highestspeed_20250415_9_1_with_time_speed.csv,9.0,0.7535462161247923,20250415_piworm09_1,9.0
8681.0,2025-04-17T21:53:26.003466,-0.530167785007577,0.47409623634640075,0.5555950933867758,terbinafine,coordinates_highestspeed_20250415_9_1_with_time_speed.csv,9.0,-0.5570541571809832,20250415_piworm09_1,9.0
8682.0,2025-04-17T21:53:28.003419,-0.5722863135862738,0.47402079504985495,0.5557227287733024,terbinafine,coordinates_highestspeed_20250415_9_1_with_time_speed.csv,9.0,0.7060774840553353,20250415_piworm09_1,9.0
8683.0,2025-04-17T21:53:30.003368,-0.16670287224365163,0.47373217199652445,0.5550196936807656,terbinafine,coordinates_highestspeed_20250415_9_1_with_time_speed.csv,9.0,-0.07457299830712365,20250415_piworm09_1,9.0
8684.0,2025-04-17T21:53:32.003337,-0.4090040675188669,0.47350170597834146,0.5546994758443357,terbinafine,coordinates_highestspeed_20250415_9_1_with_time_speed.csv,9.0,-0.5467395334251937,20250415_piworm09_1,9.0
8685.0,2025-04-17T21:53:34.003312,-0.08505011568060113,0.4728681145818187,0.5553146769950693,terbinafine,coordinates_highestspeed_20250415_9_1_with_time_speed.csv,9.0,0.48410860952337187,20250415_piworm09_1,9.0
8686.0,2025-04-17T21:53:36.003375,-0.573279046979316,0.47276074701068416,0.5552146137800686,terbinafine,coordinates_highestspeed_20250415_9_1_with_time_speed.csv,9.0,-0.8428813128293974,20250415_piworm09_1,9.0
8687.0,2025-04-17T21:53:38.003341,-0.16844505424132256,0.4730040053404539,0.5559318306761957,terbinafine,coordinates_highestspeed_20250415_9_1_with_time_speed.csv,9.0,0.2684928139997304,20250415_piworm09_1,9.0
8688.0,2025-04-17T21:53:40.003308,-0.34039653914920837,0.47275806994996444,0.5563648727898881,terbinafine,coordinates_highestspeed_20250415_9_1_with_time_speed.csv,9.0,-0.7263446678090902,20250415_piworm09_1,9.0
8689.0,2025-04-17T21:53:42.003294,0.3441959528664922,0.4742597116388081,0.5560689361652509,terbinafine,coordinates_highestspeed_20250415_9_1_with_time_speed.csv,9.0,-0.1992866276080454,20250415_piworm09_1,9.0
8690.0,2025-04-17T21:53:44.003484,-0.45818262678881455,0.47447811209648183,0.5558345638187193,terbinafine,coordinates_highestspeed_20250415_9_1_with_time_speed.csv,9.0,-0.34577240738730197,20250415_piworm09_1,9.0
8691.0,2025-04-17T21:53:46.003396,-0.4604455236568887,0.4743735695212664,0.555535356666031,terbinafine,coordinates_highestspeed_20250415_9_1_with_time_speed.csv,9.0,0.2574737671819619,20250415_piworm09_1,9.0
8692.0,2025-04-17T21:53:48.003358,-0.27218323625568475,0.4746471690437035,0.5550003724565515,terbinafine,coordinates_highestspeed_20250415_9_1_with_time_speed.csv,9.0,-0.0652885442782078,20250415_piworm09_1,9.0
8693.0,2025-04-17T21:53:50.003345,-0.4582837161764216,0.4747318458509651,0.5546915661560046,terbinafine,coordinates_highestspeed_20250415_9_1_with_time_speed.csv,9.0,0.46500030709744167,20250415_piworm09_1,9.0
8694.0,2025-04-17T21:53:52.003303,-0.26495842862339153,0.4753360401137177,0.5547876292277452,terbinafine,coordinates_highestspeed_20250415_9_1_with_time_speed.csv,9.0,0.42743692295910946,20250415_piworm09_1,9.0
8695.0,2025-04-17T21:53:54.003306,-0.45903693921807726,0.4753584489464213,0.5551059107104849,terbinafine,coordinates_highestspeed_20250415_9_1_with_time_speed.csv,9.0,0.4090958567122793,20250415_piworm09_1,9.0
8696.0,2025-04-17T21:53:56.003456,-0.32771212766357594,0.4748737147812203,0.555286085915241,terbinafine,coordinates_highestspeed_20250415_9_1_with_time_speed.csv,9.0,-0.3318707190034597,20250415_piworm09_1,9.0
8697.0,2025-04-17T21:53:58.003441,-0.5853454841814181,0.4748516694458448,0.5554127495027948,terbinafine,coordinates_highestspeed_20250415_9_1_with_time_speed.csv,9.0,-0.40198761796583826,20250415_piworm09_1,9.0
8698.0,2025-04-17T21:54:00.003272,-0.5494549107383355,0.47501370248050034,0.5554971541002037,terbinafine,coordinates_highestspeed_20250415_9_1_with_time_speed.csv,9.0,0.4493390317276485,20250415_piworm09_1,9.0
8699.0,2025-04-17T21:54:02.003462,-0.6004545274842645,0.4749803193314628,0.555597528165704,terbinafine,coordinates_highestspeed_20250415_9_1_with_time_speed.csv,9.0,-0.7895580676338221,20250415_piworm09_1,9.0
8700.0,2025-04-17T21:54:04.003392,-0.3863601730342686,0.47533686371744965,0.5553595269883654,terbinafine,coordinates_highestspeed_20250415_9_1_with_time_speed.csv,9.0,0.19339458397778456,20250415_piworm09_1,9.0
8701.0,2025-04-17T21:54:06.003273,-0.2005635364029028,0.47604564139431144,0.5553729759337236,terbinafine,coordinates_highestspeed_20250415_9_1_with_time_speed.csv,9.0,-0.9371726693163677,20250415_piworm09_1,9.0
8702.0,2025-04-17T21:54:08.003460,-0.5721043195939987,0.47590056583381013,0.5553410897069108,terbinafine,coordinates_highestspeed_20250415_9_1_with_time_speed.csv,9.0,-0.9538529458445788,20250415_piworm09_1,9.0
8703.0,2025-04-17T21:54:10.003395,-0.5075296227964399,0.476130617301301,0.5554280300960085,terbinafine,coordinates_highestspeed_20250415_9_1_with_time_speed.csv,9.0,0.7503581334841036,20250415_piworm09_1,9.0
8704.0,2025-04-17T21:54:12.003359,-0.20276520142828072,0.47548720653601234,0.5557176372337328,terbinafine,coordinates_highestspeed_20250415_9_1_with_time_speed.csv,9.0,0.04761316234181592,20250415_piworm09_1,9.0
8705.0,2025-04-17T21:54:14.003330,-0.3306979496134024,0.47499360849927563,0.5558560349970173,terbinafine,coordinates_highestspeed_20250415_9_1_with_time_speed.csv,9.0,-0.04003481885695964,20250415_piworm09_1,9.0
8706.0,2025-04-17T21:54:16.003297,-0.4406886973354489,0.4746741212875163,0.5559907880016283,terbinafine,coordinates_highestspeed_20250415_9_1_with_time_speed.csv,9.0,0.9071265645208422,20250415_piworm09_1,9.0
8707.0,2025-04-17T21:54:18.003386,-0.5720528463492933,0.47478865468018744,0.5558960841435976,terbinafine,coordinates_highestspeed_20250415_9_1_with_time_speed.csv,9.0,0.05168761266206777,20250415_piworm09_1,9.0
8708.0,2025-04-17T21:54:20.003334,-0.4191405517228209,0.47511614920389256,0.5557048463769102,terbinafine,coordinates_highestspeed_20250415_9_1_with_time_speed.csv,9.0,0.18793494849465545,20250415_piworm09_1,9.0
8709.0,2025-04-17T21:54:22.003364,-0.572062748757325,0.47526446580257464,0.5557140369353756,terbinafine,coordinates_highestspeed_20250415_9_1_with_time_speed.csv,9.0,0.6325535768526438,20250415_piworm09_1,9.0
8710.0,2025-04-17T21:54:24.003250,-0.519499943986644,0.4751595772050361,0.5559163401100047,terbinafine,coordinates_highestspeed_20250415_9_1_with_time_speed.csv,9.0,0.3190565206400555,20250415_piworm09_1,9.0
8711.0,2025-04-17T21:54:26.003458,-0.07389284627411499,0.47426327736763535,0.555997347301873,terbinafine,coordinates_highestspeed_20250415_9_1_with_time_speed.csv,9.0,-0.01977620588891901,20250415_piworm09_1,9.0
8712.0,2025-04-17T21:54:28.003398,-0.566655735255363,0.4741083349227541,0.5560211234026321,terbinafine,coordinates_highestspeed_20250415_9_1_with_time_speed.csv,9.0,0.8237771597495549,20250415_piworm09_1,9.0
8713.0,2025-04-17T21:54:30.003364,-0.2372695464154565,0.4746057073387824,0.5555971647833968,terbinafine,coordinates_highestspeed_20250415_9_1_with_time_speed.csv,9.0,0.04455962482003018,20250415_piworm09_1,9.0
8714.0,2025-04-17T21:54:32.003340,-0.17394653757355694,0.47523798669228345,0.5551955452798853,terbinafine,coordinates_highestspeed_20250415_9_1_with_time_speed.csv,9.0,-0.3248792623695303,20250415_piworm09_1,9.0
8715.0,2025-04-17T21:54:34.003300,-0.4325114846865729,0.4752323359250242,0.5548365140448702,terbinafine,coordinates_highestspeed_20250415_9_1_with_time_speed.csv,9.0,0.15540961205021234,20250415_piworm09_1,9.0
8716.0,2025-04-17T21:54:36.003270,-0.5133097419736495,0.4753402943632679,0.5546252905600562,terbinafine,coordinates_highestspeed_20250415_9_1_with_time_speed.csv,9.0,-0.5478234680316698,20250415_piworm09_1,9.0
8717.0,2025-04-17T21:54:38.003467,-0.5985254580326118,0.47523719989571894,0.5545908680344338,terbinafine,coordinates_highestspeed_20250415_9_1_with_time_speed.csv,9.0,0.12883205812054505,20250415_piworm09_1,9.0
8718.0,2025-04-17T21:54:40.003391,-0.5671415748148674,0.47512062287670687,0.5544871710134965,terbinafine,coordinates_highestspeed_20250415_9_1_with_time_speed.csv,9.0,-0.7004765405090477,20250415_piworm09_1,9.0
8719.0,2025-04-17T21:54:42.003375,-0.6437346573640029,0.47511669305844484,0.5545274836733215,terbinafine,coordinates_highestspeed_20250415_9_1_with_time_speed.csv,9.0,0.9524601078027339,20250415_piworm09_1,9.0
8720.0,2025-04-17T21:54:44.003330,0.2238573694899073,0.47504634010395735,0.5531802921694946,terbinafine,coordinates_highestspeed_20250415_9_1_with_time_speed.csv,9.0,0.9711054397265607,20250415_piworm09_1,9.0
8721.0,2025-04-17T21:54:46.003286,0.2605323850685329,0.47524640697400455,0.5545703094321841,terbinafine,coordinates_highestspeed_20250415_9_1_with_time_speed.csv,9.0,-0.45806991364377075,20250415_piworm09_1,9.0
8722.0,2025-04-17T21:54:48.003421,-0.4342557042256194,0.4756028295554293,0.5545663094070178,terbinafine,coordinates_highestspeed_20250415_9_1_with_time_speed.csv,9.0,0.9692457883131566,20250415_piworm09_1,9.0
8723.0,2025-04-17T21:54:50.003374,-0.4839614346458484,0.4753229870403646,0.5545966049971391,terbinafine,coordinates_highestspeed_20250415_9_1_with_time_speed.csv,9.0,0.6294367829837165,20250415_piworm09_1,9.0
8724.0,2025-04-17T21:54:52.003307,-0.5168170987578102,0.47539125891863376,0.5543749574101322,terbinafine,coordinates_highestspeed_20250415_9_1_with_time_speed.csv,9.0,-0.7520588036958143,20250415_piworm09_1,9.0
8725.0,2025-04-17T21:54:54.003290,-0.3128156271067521,0.47491592998422616,0.5546303684333879,terbinafine,coordinates_highestspeed_20250415_9_1_with_time_speed.csv,9.0,0.0026512768363826963,20250415_piworm09_1,9.0
8726.0,2025-04-17T21:54:56.003455,-0.6502481877173258,0.4748887845190161,0.5546446645593334,terbinafine,coordinates_highestspeed_20250415_9_1_with_time_speed.csv,9.0,-0.3664220246294363,20250415_piworm09_1,9.0
8727.0,2025-04-17T21:54:58.003395,-0.6004909910309303,0.47489566140681017,0.5547501655750974,terbinafine,coordinates_highestspeed_20250415_9_1_with_time_speed.csv,9.0,-0.7299984688316467,20250415_piworm09_1,9.0
8728.0,2025-04-17T21:55:00.003263,-0.5589141043097728,0.4750144921453883,0.554630797841785,terbinafine,coordinates_highestspeed_20250415_9_1_with_time_speed.csv,9.0,0.7304377648610398,20250415_piworm09_1,9.0
8729.0,2025-04-17T21:55:02.003498,-0.581906357510305,0.47502300802364317,0.5547642811774923,terbinafine,coordinates_highestspeed_20250415_9_1_with_time_speed.csv,9.0,0.2245460282260314,20250415_piworm09_1,9.0
8730.0,2025-04-17T21:55:04.003394,-0.5338941515687451,0.4748996010585353,0.5549294354035998,terbinafine,coordinates_highestspeed_20250415_9_1_with_time_speed.csv,9.0,-0.3624714410764915,20250415_piworm09_1,9.0
8731.0,2025-04-17T21:55:06.003391,-0.6478833836511511,0.47491592998422616,0.5549595384246714,terbinafine,coordinates_highestspeed_20250415_9_1_with_time_speed.csv,9.0,-0.29713719699959024,20250415_piworm09_1,9.0
8732.0,2025-04-17T21:55:08.003333,0.17159292355642342,0.47617365056370053,0.5551371583030683,terbinafine,coordinates_highestspeed_20250415_9_1_with_time_speed.csv,9.0,-0.14426439962838786,20250415_piworm09_1,9.0
8733.0,2025-04-17T21:55:10.003290,-0.41396097323350095,0.4765419082762256,0.5550180067888797,terbinafine,coordinates_highestspeed_20250415_9_1_with_time_speed.csv,9.0,0.13529760988713066,20250415_piworm09_1,9.0
8734.0,2025-04-17T21:55:12.003367,-0.5771917663263201,0.4766818890757451,0.5550337683639124,terbinafine,coordinates_highestspeed_20250415_9_1_with_time_speed.csv,9.0,0.8780051386787682,20250415_piworm09_1,9.0
8735.0,2025-04-17T21:55:14.003326,-0.14992273487874389,0.47592529387554333,0.5552440848449562,terbinafine,coordinates_highestspeed_20250415_9_1_with_time_speed.csv,9.0,0.2041943667658939,20250415_piworm09_1,9.0
8736.0,2025-04-17T21:55:16.003290,-0.5931458901510617,0.4758164106237961,0.5552018075382562,terbinafine,coordinates_highestspeed_20250415_9_1_with_time_speed.csv,9.0,0.08160693518496324,20250415_piworm09_1,9.0
8737.0,2025-04-17T21:55:18.003262,-0.418284834760944,0.4755082002981927,0.5549786225992633,terbinafine,coordinates_highestspeed_20250415_9_1_with_time_speed.csv,9.0,0.6369861386064617,20250415_piworm09_1,9.0
8738.0,2025-04-17T21:55:20.003434,-0.540055482710859,0.4756796650172078,0.5548818770516799,terbinafine,coordinates_highestspeed_20250415_9_1_with_time_speed.csv,9.0,-0.19354085641586277,20250415_piworm09_1,9.0
8739.0,2025-04-17T21:55:22.003384,-0.41979345919090455,0.47584387609749806,0.5545411229843012,terbinafine,coordinates_highestspeed_20250415_9_1_with_time_speed.csv,9.0,0.1814602739328512,20250415_piworm09_1,9.0
8740.0,2025-04-17T21:55:24.003257,-0.3943155523461821,0.47619874826906755,0.5543227401094892,terbinafine,coordinates_highestspeed_20250415_9_1_with_time_speed.csv,9.0,-0.4866110211100226,20250415_piworm09_1,9.0
8741.0,2025-04-17T21:55:26.003532,-0.606503977990381,0.47615159742109675,0.5542383649078573,terbinafine,coordinates_highestspeed_20250415_9_1_with_time_speed.csv,9.0,-0.4720916378275936,20250415_piworm09_1,9.0
8742.0,2025-04-17T21:55:28.003392,-0.5026026391091191,0.4759204532385252,0.5543421190801218,terbinafine,coordinates_highestspeed_20250415_9_1_with_time_speed.csv,9.0,0.16081038286533156,20250415_piworm09_1,9.0
8743.0,2025-04-17T21:55:30.003366,-0.634698583100408,0.4758665086907622,0.5543376158830912,terbinafine,coordinates_highestspeed_20250415_9_1_with_time_speed.csv,9.0,0.5137991709557477,20250415_piworm09_1,9.0
8744.0,2025-04-17T21:55:32.003323,-0.3822051104945119,0.4759214420231369,0.5539061498193448,terbinafine,coordinates_highestspeed_20250415_9_1_with_time_speed.csv,9.0,-0.8033653320149,20250415_piworm09_1,9.0
8745.0,2025-04-17T21:55:34.003284,-0.44505426388644753,0.475690978666265,0.5541563384704145,terbinafine,coordinates_highestspeed_20250415_9_1_with_time_speed.csv,9.0,-0.9196993404868731,20250415_piworm09_1,9.0
8746.0,2025-04-17T21:55:36.003362,-0.19116395145471088,0.47629812071932254,0.5537636222544621,terbinafine,coordinates_highestspeed_20250415_9_1_with_time_speed.csv,9.0,-0.7457560891271852,20250415_piworm09_1,9.0
8747.0,2025-04-17T21:55:38.003432,-0.5168512568902899,0.4760720716306758,0.5537119829497434,terbinafine,coordinates_highestspeed_20250415_9_1_with_time_speed.csv,9.0,0.7384658657678866,20250415_piworm09_1,9.0
8748.0,2025-04-17T21:55:40.003297,-0.5343680878012222,0.47624198147258434,0.5535964770387038,terbinafine,coordinates_highestspeed_20250415_9_1_with_time_speed.csv,9.0,0.5288599628080918,20250415_piworm09_1,9.0
8749.0,2025-04-17T21:55:42.003364,-0.16133370195894983,0.4766145069883388,0.5542681617447973,terbinafine,coordinates_highestspeed_20250415_9_1_with_time_speed.csv,9.0,-0.5213039215903145,20250415_piworm09_1,9.0
8750.0,2025-04-17T21:55:44.003389,-0.1870931809479413,0.4772271347648591,0.5538726224666278,terbinafine,coordinates_highestspeed_20250415_9_1_with_time_speed.csv,9.0,0.33844745521595054,20250415_piworm09_1,9.0
8751.0,2025-04-17T21:55:46.003296,-0.49174199913178296,0.4774651431110184,0.5539995602512461,terbinafine,coordinates_highestspeed_20250415_9_1_with_time_speed.csv,9.0,-0.9314206985633555,20250415_piworm09_1,9.0
8752.0,2025-04-17T21:55:48.003369,-0.36105550637865447,0.47710970949772114,0.5536968832005893,terbinafine,coordinates_highestspeed_20250415_9_1_with_time_speed.csv,9.0,-0.1465825898179064,20250415_piworm09_1,9.0
8753.0,2025-04-17T21:55:50.003333,-0.2641394773840356,0.4765149829402166,0.5535482495178757,terbinafine,coordinates_highestspeed_20250415_9_1_with_time_speed.csv,9.0,-0.09243496944539717,20250415_piworm09_1,9.0
8754.0,2025-04-17T21:55:52.003294,0.1306362997382719,0.4753078041208364,0.5536032022980734,terbinafine,coordinates_highestspeed_20250415_9_1_with_time_speed.csv,9.0,0.03424881884176402,20250415_piworm09_1,9.0
8755.0,2025-04-17T21:55:54.003262,-0.4163809901556869,0.47492513919132456,0.5535794060659591,terbinafine,coordinates_highestspeed_20250415_9_1_with_time_speed.csv,9.0,-0.12108578279142014,20250415_piworm09_1,9.0
8756.0,2025-04-17T21:55:56.003472,-0.13636386937873743,0.4741598784884569,0.5538315594882245,terbinafine,coordinates_highestspeed_20250415_9_1_with_time_speed.csv,9.0,-0.9098120558917955,20250415_piworm09_1,9.0
8757.0,2025-04-17T21:55:58.003397,-0.2178640780359829,0.4748422733579413,0.5538076913008194,terbinafine,coordinates_highestspeed_20250415_9_1_with_time_speed.csv,9.0,0.28420670078065213,20250415_piworm09_1,9.0
8758.0,2025-04-17T21:56:00.003372,-0.5752905807436621,0.4749362786745965,0.5539164208404355,terbinafine,coordinates_highestspeed_20250415_9_1_with_time_speed.csv,9.0,0.5487567193004547,20250415_piworm09_1,9.0
8759.0,2025-04-17T21:56:02.003336,-0.4963571412479619,0.4747135966234549,0.5540559455618244,terbinafine,coordinates_highestspeed_20250415_9_1_with_time_speed.csv,9.0,0.11933354273290166,20250415_piworm09_1,9.0
8760.0,2025-04-17T21:56:04.003296,-0.573709393660968,0.474569967705772,0.5540827984406731,terbinafine,coordinates_highestspeed_20250415_9_1_with_time_speed.csv,9.0,-0.9981433734714351,20250415_piworm09_1,9.0
8761.0,2025-04-17T21:56:06.003363,-0.29478380147402655,0.47512771211035565,0.5539818857575868,terbinafine,coordinates_highestspeed_20250415_9_1_with_time_speed.csv,9.0,-0.8893940331722785,20250415_piworm09_1,9.0
8762.0,2025-04-17T21:56:08.003339,-0.3942105881959933,0.474716772589113,0.5539119858069947,terbinafine,coordinates_highestspeed_20250415_9_1_with_time_speed.csv,9.0,-0.20790064359873942,20250415_piworm09_1,9.0
8763.0,2025-04-17T21:56:10.003292,-0.4389872677209975,0.47440769151768436,0.5540747294881012,terbinafine,coordinates_highestspeed_20250415_9_1_with_time_speed.csv,9.0,0.343158132916692,20250415_piworm09_1,9.0
8764.0,2025-04-17T21:56:12.003370,-0.5564325681427934,0.47426495179946004,0.5539784508937768,terbinafine,coordinates_highestspeed_20250415_9_1_with_time_speed.csv,9.0,0.5239584406813206,20250415_piworm09_1,9.0
8765.0,2025-04-17T21:56:14.003339,-0.25132613934369175,0.47465697234867377,0.5534822869582469,terbinafine,coordinates_highestspeed_20250415_9_1_with_time_speed.csv,9.0,-0.6435656348712698,20250415_piworm09_1,9.0
8766.0,2025-04-17T21:56:16.003294,-0.4944866219126996,0.47439763540797103,0.5534249331763464,terbinafine,coordinates_highestspeed_20250415_9_1_with_time_speed.csv,9.0,-0.253189673880874,20250415_piworm09_1,9.0
8767.0,2025-04-17T21:56:18.003362,-0.21853496657352842,0.47382650186388503,0.5537973014608528,terbinafine,coordinates_highestspeed_20250415_9_1_with_time_speed.csv,9.0,0.37343070495225017,20250415_piworm09_1,9.0
8768.0,2025-04-17T21:56:20.003330,0.059243064720541035,0.47291516298606956,0.553179955331006,terbinafine,coordinates_highestspeed_20250415_9_1_with_time_speed.csv,9.0,-0.07035457907646134,20250415_piworm09_1,9.0
8769.0,2025-04-17T21:56:22.003294,0.8677821572192295,0.4707556589301494,0.5523314753960391,terbinafine,coordinates_highestspeed_20250415_9_1_with_time_speed.csv,9.0,-0.037082093780390006,20250415_piworm09_1,9.0
8770.0,2025-04-17T21:56:24.003365,0.26555988091261806,0.4693904226614507,0.5519713930928885,terbinafine,coordinates_highestspeed_20250415_9_1_with_time_speed.csv,9.0,0.18789132633702618,20250415_piworm09_1,9.0
8771.0,2025-04-17T21:56:26.003332,-0.3181043578455781,0.4690388217882241,0.55157263948831,terbinafine,coordinates_highestspeed_20250415_9_1_with_time_speed.csv,9.0,-0.4295290923826865,20250415_piworm09_1,9.0
8772.0,2025-04-17T21:56:28.003314,-0.3370831355856674,0.4685976966578745,0.5518143432435659,terbinafine,coordinates_highestspeed_20250415_9_1_with_time_speed.csv,9.0,0.4156648415566408,20250415_piworm09_1,9.0
8773.0,2025-04-17T21:56:30.003369,-0.35221557876577314,0.4682647402622584,0.5514683478386119,terbinafine,coordinates_highestspeed_20250415_9_1_with_time_speed.csv,9.0,-0.019182902511650054,20250415_piworm09_1,9.0
8774.0,2025-04-17T21:56:32.003341,-0.611089484303567,0.4681987330625231,0.5514075504928557,terbinafine,coordinates_highestspeed_20250415_9_1_with_time_speed.csv,9.0,0.5317731936425052,20250415_piworm09_1,9.0
8775.0,2025-04-17T21:56:34.003287,-0.44379236465110306,0.46845439309149783,0.5511802971337669,terbinafine,coordinates_highestspeed_20250415_9_1_with_time_speed.csv,9.0,0.9081165884069118,20250415_piworm09_1,9.0
8776.0,2025-04-17T21:56:36.003370,-0.5420176428386904,0.4683521290799079,0.5513450558191063,terbinafine,coordinates_highestspeed_20250415_9_1_with_time_speed.csv,9.0,0.9044079300664387,20250415_piworm09_1,9.0
8777.0,2025-04-17T21:56:38.003331,-0.4019751801947622,0.46845439309149783,0.5509530437746782,terbinafine,coordinates_highestspeed_20250415_9_1_with_time_speed.csv,9.0,0.8296093876031644,20250415_piworm09_1,9.0
8778.0,2025-04-17T21:56:40.003288,-0.4226006088992384,0.46855779812413767,0.5513124891766428,terbinafine,coordinates_highestspeed_20250415_9_1_with_time_speed.csv,9.0,-0.22856905147957948,20250415_piworm09_1,9.0
8779.0,2025-04-17T21:56:42.003366,-0.5681980612493335,0.4686875948558192,0.5513961635456963,terbinafine,coordinates_highestspeed_20250415_9_1_with_time_speed.csv,9.0,-0.683716062813805,20250415_piworm09_1,9.0
8780.0,2025-04-17T21:56:44.003332,-0.33193783944396255,0.4686852703467449,0.5508854055063817,terbinafine,coordinates_highestspeed_20250415_9_1_with_time_speed.csv,9.0,-0.06550832852570926,20250415_piworm09_1,9.0
8781.0,2025-04-17T21:56:46.003315,-0.46144496023677006,0.46861940582022643,0.5505769209895036,terbinafine,coordinates_highestspeed_20250415_9_1_with_time_speed.csv,9.0,0.22091256271312626,20250415_piworm09_1,9.0
8782.0,2025-04-17T21:56:48.003369,-0.5707425235147949,0.46868943537620056,0.5504436022223179,terbinafine,coordinates_highestspeed_20250415_9_1_with_time_speed.csv,9.0,-0.9543213692861007,20250415_piworm09_1,9.0
8783.0,2025-04-17T21:56:50.003334,-0.3493030122629997,0.46840506134379445,0.5508359568588022,terbinafine,coordinates_highestspeed_20250415_9_1_with_time_speed.csv,9.0,-0.3282520529886961,20250415_piworm09_1,9.0
8784.0,2025-04-17T21:56:52.003288,0.009412476296919863,0.46880828381862844,0.5517789622804962,terbinafine,coordinates_highestspeed_20250415_9_1_with_time_speed.csv,9.0,0.3976393439792708,20250415_piworm09_1,9.0
8785.0,2025-04-17T21:56:54.003368,-0.3905643497695034,0.4684923409329488,0.552059234195212,terbinafine,coordinates_highestspeed_20250415_9_1_with_time_speed.csv,9.0,0.24444100287761267,20250415_piworm09_1,9.0
8786.0,2025-04-17T21:56:56.003331,-0.38683949212793867,0.4680647643185264,0.5520411395985608,terbinafine,coordinates_highestspeed_20250415_9_1_with_time_speed.csv,9.0,-0.33487989528564094,20250415_piworm09_1,9.0
8787.0,2025-04-17T21:56:58.003294,-0.3998454450708987,0.4678475003708648,0.5523868862186618,terbinafine,coordinates_highestspeed_20250415_9_1_with_time_speed.csv,9.0,-0.17975056213361315,20250415_piworm09_1,9.0
8788.0,2025-04-17T21:57:00.003264,0.28511419712931524,0.46785278922621465,0.5538282927961921,terbinafine,coordinates_highestspeed_20250415_9_1_with_time_speed.csv,9.0,0.16898071013925123,20250415_piworm09_1,9.0
8789.0,2025-04-17T21:57:02.003468,0.5260559854521265,0.4669447620751113,0.5553880453044251,terbinafine,coordinates_highestspeed_20250415_9_1_with_time_speed.csv,9.0,0.9785207249801589,20250415_piworm09_1,9.0
8790.0,2025-04-17T21:57:04.003458,-0.17308262786639542,0.467277691576757,0.5547155967716715,terbinafine,coordinates_highestspeed_20250415_9_1_with_time_speed.csv,9.0,0.037425589434691875,20250415_piworm09_1,9.0
8791.0,2025-04-17T21:57:06.003369,0.0672511820542535,0.46788502996780695,0.5537831105254336,terbinafine,coordinates_highestspeed_20250415_9_1_with_time_speed.csv,9.0,-0.13452098453152075,20250415_piworm09_1,9.0
8792.0,2025-04-17T21:57:08.003374,-0.129857984367326,0.4680106809078772,0.552977303070761,terbinafine,coordinates_highestspeed_20250415_9_1_with_time_speed.csv,9.0,0.07964296601191062,20250415_piworm09_1,9.0
8793.0,2025-04-17T21:57:10.003289,-0.05035810186097998,0.4683791722296395,0.5521174899866489,terbinafine,coordinates_highestspeed_20250415_9_1_with_time_speed.csv,9.0,0.14480886951250865,20250415_piworm09_1,9.0
8794.0,2025-04-17T21:57:12.003372,-0.460265939765203,0.4686195350414309,0.5519104838196961,terbinafine,coordinates_highestspeed_20250415_9_1_with_time_speed.csv,9.0,-0.11470786589935375,20250415_piworm09_1,9.0
8795.0,2025-04-17T21:57:14.003332,0.018063869624818683,0.4691169925914291,0.5509987172439069,terbinafine,coordinates_highestspeed_20250415_9_1_with_time_speed.csv,9.0,0.22534214909428749,20250415_piworm09_1,9.0
8796.0,2025-04-17T21:57:16.003291,-0.03390543076995694,0.4700145423141636,0.5506573820856557,terbinafine,coordinates_highestspeed_20250415_9_1_with_time_speed.csv,9.0,0.8561924918036153,20250415_piworm09_1,9.0
8797.0,2025-04-17T21:57:18.003267,-0.27911889344636776,0.46960966967363327,0.5510871275769468,terbinafine,coordinates_highestspeed_20250415_9_1_with_time_speed.csv,9.0,0.7013305940196677,20250415_piworm09_1,9.0
8798.0,2025-04-17T21:57:20.003457,-0.23033232131851578,0.46948903447490714,0.5504341706254334,terbinafine,coordinates_highestspeed_20250415_9_1_with_time_speed.csv,9.0,0.19224748474170655,20250415_piworm09_1,9.0
8799.0,2025-04-17T21:57:22.003397,-0.48032548181934714,0.46960637899280727,0.5501722982421885,terbinafine,coordinates_highestspeed_20250415_9_1_with_time_speed.csv,9.0,0.1590139963435106,20250415_piworm09_1,9.0
8800.0,2025-04-17T21:57:24.002257,0.27556610573683793,0.47074243068902616,0.5493087242085907,terbinafine,coordinates_highestspeed_20250415_9_1_with_time_speed.csv,9.0,0.9399561033552299,20250415_piworm09_1,9.0
8801.0,2025-04-17T21:57:26.003453,0.5140661426004934,0.46954799708161066,0.5506375290970364,terbinafine,coordinates_highestspeed_20250415_9_1_with_time_speed.csv,9.0,-0.10958144290154083,20250415_piworm09_1,9.0
8802.0,2025-04-17T21:57:28.003411,0.3603057187443598,0.46895984313648215,0.5520768158282384,terbinafine,coordinates_highestspeed_20250415_9_1_with_time_speed.csv,9.0,0.07118930916801541,20250415_piworm09_1,9.0
8803.0,2025-04-17T21:57:30.003368,-0.17739977985988772,0.46853275631876984,0.5526858288701666,terbinafine,coordinates_highestspeed_20250415_9_1_with_time_speed.csv,9.0,0.9194872458583289,20250415_piworm09_1,9.0
8804.0,2025-04-17T21:57:32.003339,0.3598547255593079,0.46907826787918483,0.5512305715797163,terbinafine,coordinates_highestspeed_20250415_9_1_with_time_speed.csv,9.0,0.019601327495632995,20250415_piworm09_1,9.0
8805.0,2025-04-17T21:57:34.003305,0.07586830745895168,0.4695375652384998,0.55020269450176,terbinafine,coordinates_highestspeed_20250415_9_1_with_time_speed.csv,9.0,-0.24099764935836723,20250415_piworm09_1,9.0
8806.0,2025-04-17T21:57:36.003266,-0.3512614144452106,0.46937836306995184,0.5497481490472145,terbinafine,coordinates_highestspeed_20250415_9_1_with_time_speed.csv,9.0,0.39378780378308564,20250415_piworm09_1,9.0
8807.0,2025-04-17T21:57:38.003451,-0.09440366635141001,0.47005921153855695,0.5492081139164486,terbinafine,coordinates_highestspeed_20250415_9_1_with_time_speed.csv,9.0,0.06911297979659468,20250415_piworm09_1,9.0
8808.0,2025-04-17T21:57:40.003391,0.014229346666322022,0.47098769582464867,0.5487556550220438,terbinafine,coordinates_highestspeed_20250415_9_1_with_time_speed.csv,9.0,-0.10719136826338467,20250415_piworm09_1,9.0
8809.0,2025-04-17T21:57:42.003368,-0.24545601165694006,0.47143891069124716,0.5483000903561651,terbinafine,coordinates_highestspeed_20250415_9_1_with_time_speed.csv,9.0,-0.135361390756381,20250415_piworm09_1,9.0
8810.0,2025-04-17T21:57:44.003332,-0.20113685670475978,0.4716852516970985,0.547636284999718,terbinafine,coordinates_highestspeed_20250415_9_1_with_time_speed.csv,9.0,-0.10402980035764105,20250415_piworm09_1,9.0
8811.0,2025-04-17T21:57:46.003300,-0.3845823633193194,0.471697557527684,0.547205096992068,terbinafine,coordinates_highestspeed_20250415_9_1_with_time_speed.csv,9.0,0.15958659583001647,20250415_piworm09_1,9.0
8812.0,2025-04-17T21:57:48.003267,-0.16519202781956874,0.4720828281898214,0.5465473760671956,terbinafine,coordinates_highestspeed_20250415_9_1_with_time_speed.csv,9.0,0.1504885137213169,20250415_piworm09_1,9.0
8813.0,2025-04-17T21:57:50.003460,-0.20834282972916063,0.472670478877497,0.5461722548303398,terbinafine,coordinates_highestspeed_20250415_9_1_with_time_speed.csv,9.0,-0.3676076266518481,20250415_piworm09_1,9.0
8814.0,2025-04-17T21:57:52.003390,-0.27150817990921494,0.4725792150348047,0.5455773091857846,terbinafine,coordinates_highestspeed_20250415_9_1_with_time_speed.csv,9.0,0.2733736835060029,20250415_piworm09_1,9.0
8815.0,2025-04-17T21:57:54.003261,-0.0906087216145804,0.4731471535982814,0.5449120130098277,terbinafine,coordinates_highestspeed_20250415_9_1_with_time_speed.csv,9.0,0.05650125319500331,20250415_piworm09_1,9.0
8816.0,2025-04-17T21:57:56.003450,-0.1832458679587106,0.4737155902526524,0.5444460298209317,terbinafine,coordinates_highestspeed_20250415_9_1_with_time_speed.csv,9.0,-0.09265429989726459,20250415_piworm09_1,9.0
8817.0,2025-04-17T21:57:58.003391,0.2886709733552958,0.47452417176390227,0.543246292213908,terbinafine,coordinates_highestspeed_20250415_9_1_with_time_speed.csv,9.0,-0.966939017750372,20250415_piworm09_1,9.0
8818.0,2025-04-17T21:58:00.003266,0.7152282837441241,0.47318263431702035,0.544849070791707,terbinafine,coordinates_highestspeed_20250415_9_1_with_time_speed.csv,9.0,-0.07204273742121342,20250415_piworm09_1,9.0
8819.0,2025-04-17T21:58:02.003458,1.2347011748827494,0.4718797477095898,0.5474103402237466,terbinafine,coordinates_highestspeed_20250415_9_1_with_time_speed.csv,9.0,0.025752494464503343,20250415_piworm09_1,9.0
8820.0,2025-04-17T21:58:04.003392,-0.044466039937579464,0.47138496671206953,0.5482146790558006,terbinafine,coordinates_highestspeed_20250415_9_1_with_time_speed.csv,9.0,-0.8722758437250999,20250415_piworm09_1,9.0
8821.0,2025-04-17T21:58:06.003269,-0.4636772554879069,0.4716393053688309,0.5480338476854156,terbinafine,coordinates_highestspeed_20250415_9_1_with_time_speed.csv,9.0,-0.5932312025586511,20250415_piworm09_1,9.0
8822.0,2025-04-17T21:58:08.003459,-0.10832546349818828,0.4709692923898531,0.5475140186915888,terbinafine,coordinates_highestspeed_20250415_9_1_with_time_speed.csv,9.0,0.5740011645817071,20250415_piworm09_1,9.0
8823.0,2025-04-17T21:58:10.003394,0.6412993533362934,0.47250971219771726,0.5462722226126062,terbinafine,coordinates_highestspeed_20250415_9_1_with_time_speed.csv,9.0,0.07411644626423522,20250415_piworm09_1,9.0
8824.0,2025-04-17T21:58:12.003399,1.505428321333522,0.47547111996322966,0.5448576243734815,terbinafine,coordinates_highestspeed_20250415_9_1_with_time_speed.csv,9.0,0.9700039480662246,20250415_piworm09_1,9.0
8825.0,2025-04-17T21:58:14.003333,0.2501339036989211,0.4742799602612687,0.545571424076097,terbinafine,coordinates_highestspeed_20250415_9_1_with_time_speed.csv,9.0,0.9563437666814846,20250415_piworm09_1,9.0
8826.0,2025-04-17T21:58:16.003292,-0.6268001473971561,0.47433143857361654,0.5455300489839294,terbinafine,coordinates_highestspeed_20250415_9_1_with_time_speed.csv,9.0,-0.018382928329088083,20250415_piworm09_1,9.0
8827.0,2025-04-17T21:58:18.003266,0.2827542826370589,0.4753983088562528,0.54456608811749,terbinafine,coordinates_highestspeed_20250415_9_1_with_time_speed.csv,9.0,-0.9471610226235095,20250415_piworm09_1,9.0
8828.0,2025-04-17T21:58:20.003380,0.7593200103569293,0.4735812133072407,0.5457276368491322,terbinafine,coordinates_highestspeed_20250415_9_1_with_time_speed.csv,9.0,-0.11366468909281484,20250415_piworm09_1,9.0
8829.0,2025-04-17T21:58:22.003395,1.0274329952149812,0.47204166959454713,0.5477742252828333,terbinafine,coordinates_highestspeed_20250415_9_1_with_time_speed.csv,9.0,0.12497395022462651,20250415_piworm09_1,9.0
8830.0,2025-04-17T21:58:24.003379,0.9728525731932128,0.46990711836405374,0.5490342038785526,terbinafine,coordinates_highestspeed_20250415_9_1_with_time_speed.csv,9.0,-0.08460558953874439,20250415_piworm09_1,9.0
8831.0,2025-04-17T21:58:26.003334,1.201913473146742,0.4679375595026843,0.5510582323548134,terbinafine,coordinates_highestspeed_20250415_9_1_with_time_speed.csv,9.0,0.7713364246339164,20250415_piworm09_1,9.0
8832.0,2025-04-17T21:58:28.003295,-0.24453861616699457,0.4679718518432145,0.5504165670675895,terbinafine,coordinates_highestspeed_20250415_9_1_with_time_speed.csv,9.0,0.7040900954721008,20250415_piworm09_1,9.0
8833.0,2025-04-17T21:58:30.003266,-0.341434397472389,0.46835328460546266,0.5507343124165555,terbinafine,coordinates_highestspeed_20250415_9_1_with_time_speed.csv,9.0,0.4077662422229873,20250415_piworm09_1,9.0
8834.0,2025-04-17T21:58:32.003468,2.8344808051606125,0.46627130747974044,0.5555935045176514,terbinafine,coordinates_highestspeed_20250415_9_1_with_time_speed.csv,9.0,0.030692256755679524,20250415_piworm09_1,9.0
8835.0,2025-04-17T21:58:34.003405,0.42167435305254575,0.46547974619079735,0.5570382503131324,terbinafine,coordinates_highestspeed_20250415_9_1_with_time_speed.csv,9.0,0.9217698538033599,20250415_piworm09_1,9.0
8836.0,2025-04-17T21:58:36.003366,-0.12894371965338963,0.4656861706260906,0.5562478366216684,terbinafine,coordinates_highestspeed_20250415_9_1_with_time_speed.csv,9.0,0.034471179727864,20250415_piworm09_1,9.0
8837.0,2025-04-17T21:58:38.003332,0.15312106499221123,0.466128170894526,0.555086782376502,terbinafine,coordinates_highestspeed_20250415_9_1_with_time_speed.csv,9.0,0.0038147318566587683,20250415_piworm09_1,9.0
8838.0,2025-04-17T21:58:40.003298,0.9997920186167721,0.4670526433999227,0.5527432214915838,terbinafine,coordinates_highestspeed_20250415_9_1_with_time_speed.csv,9.0,0.16339519493461124,20250415_piworm09_1,9.0
8839.0,2025-04-17T21:58:42.003271,-0.6231093558622712,0.4671082478903911,0.552698095843001,terbinafine,coordinates_highestspeed_20250415_9_1_with_time_speed.csv,9.0,-0.13576582648149524,20250415_piworm09_1,9.0
8840.0,2025-04-17T21:58:44.003479,0.8191658575708558,0.4681108457599178,0.5506873013783637,terbinafine,coordinates_highestspeed_20250415_9_1_with_time_speed.csv,9.0,0.011527847272844406,20250415_piworm09_1,9.0
8841.0,2025-04-17T21:58:46.003388,1.123536503813436,0.46940517341234284,0.5483109899957934,terbinafine,coordinates_highestspeed_20250415_9_1_with_time_speed.csv,9.0,0.08067631217595153,20250415_piworm09_1,9.0
8842.0,2025-04-17T21:58:48.003275,0.2723045125476973,0.47037681747252313,0.5472725941198673,terbinafine,coordinates_highestspeed_20250415_9_1_with_time_speed.csv,9.0,0.06425440499163344,20250415_piworm09_1,9.0
8843.0,2025-04-17T21:58:50.003512,-0.050263227615149,0.47114004690398686,0.546731472175135,terbinafine,coordinates_highestspeed_20250415_9_1_with_time_speed.csv,9.0,-0.2343476362236135,20250415_piworm09_1,9.0
8844.0,2025-04-17T21:58:52.003391,0.091092940569063,0.4713883216838137,0.545609832718134,terbinafine,coordinates_highestspeed_20250415_9_1_with_time_speed.csv,9.0,0.07819457857521667,20250415_piworm09_1,9.0
8845.0,2025-04-17T21:58:54.003373,1.1331964539429513,0.472604596678074,0.5431763424028974,terbinafine,coordinates_highestspeed_20250415_9_1_with_time_speed.csv,9.0,0.9488255870802859,20250415_piworm09_1,9.0
8846.0,2025-04-17T21:58:56.003334,-0.10112965470851332,0.47234854806408544,0.5439961615487316,terbinafine,coordinates_highestspeed_20250415_9_1_with_time_speed.csv,9.0,-0.050390023386325665,20250415_piworm09_1,9.0
8847.0,2025-04-17T21:58:58.003293,0.6839733926377368,0.47205452680869175,0.5460178789110117,terbinafine,coordinates_highestspeed_20250415_9_1_with_time_speed.csv,9.0,0.16888689506463436,20250415_piworm09_1,9.0
8848.0,2025-04-17T21:59:00.003423,2.5953351324580556,0.46897646793804637,0.5498634667897389,terbinafine,coordinates_highestspeed_20250415_9_1_with_time_speed.csv,9.0,-0.039306883086217215,20250415_piworm09_1,9.0
8849.0,2025-04-17T21:59:02.003336,1.8702401066332224,0.4669685366652392,0.5531274403607326,terbinafine,coordinates_highestspeed_20250415_9_1_with_time_speed.csv,9.0,-0.09813791195685177,20250415_piworm09_1,9.0
8850.0,2025-04-17T21:59:04.003297,2.706382510995104,0.4657420507608818,0.5580707942264644,terbinafine,coordinates_highestspeed_20250415_9_1_with_time_speed.csv,9.0,-0.012471003425408387,20250415_piworm09_1,9.0
8851.0,2025-04-17T21:59:06.003269,0.9386616519770979,0.46525030315650223,0.5604475692360456,terbinafine,coordinates_highestspeed_20250415_9_1_with_time_speed.csv,9.0,-0.6076568661764873,20250415_piworm09_1,9.0
8852.0,2025-04-17T21:59:08.003465,0.02947149232856699,0.4662966600094892,0.5603063037217667,terbinafine,coordinates_highestspeed_20250415_9_1_with_time_speed.csv,9.0,-0.2678425687451916,20250415_piworm09_1,9.0
8853.0,2025-04-17T21:59:10.003396,0.6945208112622975,0.4674509408771444,0.5586014056477819,terbinafine,coordinates_highestspeed_20250415_9_1_with_time_speed.csv,9.0,-0.7503480498160651,20250415_piworm09_1,9.0
8854.0,2025-04-17T21:59:12.003281,0.03001809431420643,0.4664135514018692,0.5588023614819759,terbinafine,coordinates_highestspeed_20250415_9_1_with_time_speed.csv,9.0,-0.9390336543721663,20250415_piworm09_1,9.0
8855.0,2025-04-17T21:59:14.003468,-0.1891260973633495,0.4671397068750844,0.5588024982123481,terbinafine,coordinates_highestspeed_20250415_9_1_with_time_speed.csv,9.0,-0.11107939701117454,20250415_piworm09_1,9.0
8856.0,2025-04-17T21:59:16.003391,-0.24423500095099576,0.46774402907580476,0.5585827399495624,terbinafine,coordinates_highestspeed_20250415_9_1_with_time_speed.csv,9.0,0.614405608970289,20250415_piworm09_1,9.0
8857.0,2025-04-17T21:59:18.003267,-0.38164692983016146,0.46773939326509417,0.5590185061563566,terbinafine,coordinates_highestspeed_20250415_9_1_with_time_speed.csv,9.0,0.784980821594301,20250415_piworm09_1,9.0
8858.0,2025-04-17T21:59:20.003519,0.07860692114478292,0.46704226324754844,0.5581292297776346,terbinafine,coordinates_highestspeed_20250415_9_1_with_time_speed.csv,9.0,0.23013291864146612,20250415_piworm09_1,9.0
8859.0,2025-04-17T21:59:22.003391,-0.0830087022835956,0.4670937396651192,0.5572445217476513,terbinafine,coordinates_highestspeed_20250415_9_1_with_time_speed.csv,9.0,0.19866812643513126,20250415_piworm09_1,9.0
8860.0,2025-04-17T21:59:24.003369,0.2670989334435959,0.4679854829914064,0.5561468499470342,terbinafine,coordinates_highestspeed_20250415_9_1_with_time_speed.csv,9.0,0.10872636656472806,20250415_piworm09_1,9.0
8861.0,2025-04-17T21:59:26.003338,1.4849113947184136,0.4707621607064068,0.5544560128812667,terbinafine,coordinates_highestspeed_20250415_9_1_with_time_speed.csv,9.0,0.05269561726171503,20250415_piworm09_1,9.0
8862.0,2025-04-17T21:59:28.003296,0.6419333979008901,0.4725994813007381,0.553719135092,terbinafine,coordinates_highestspeed_20250415_9_1_with_time_speed.csv,9.0,-0.8563265113332706,20250415_piworm09_1,9.0
8863.0,2025-04-17T21:59:30.003273,0.04850336338238967,0.47151757899421454,0.5536433401717195,terbinafine,coordinates_highestspeed_20250415_9_1_with_time_speed.csv,9.0,-0.218533070027188,20250415_piworm09_1,9.0
8864.0,2025-04-17T21:59:32.003464,1.3124238796885213,0.4690775110734198,0.5553728290080623,terbinafine,coordinates_highestspeed_20250415_9_1_with_time_speed.csv,9.0,-0.008588047053106698,20250415_piworm09_1,9.0
8865.0,2025-04-17T21:59:34.003400,-0.10099199467559847,0.4683902861472955,0.5558883315892662,terbinafine,coordinates_highestspeed_20250415_9_1_with_time_speed.csv,9.0,0.9917731372090024,20250415_piworm09_1,9.0
8866.0,2025-04-17T21:59:36.003367,0.18912000534861018,0.46940708021855865,0.5550837239667574,terbinafine,coordinates_highestspeed_20250415_9_1_with_time_speed.csv,9.0,-0.005737820065363675,20250415_piworm09_1,9.0
8867.0,2025-04-17T21:59:38.003329,0.8171261613955105,0.4711412451625208,0.5536598721490404,terbinafine,coordinates_highestspeed_20250415_9_1_with_time_speed.csv,9.0,-0.04347395995882888,20250415_piworm09_1,9.0
8868.0,2025-04-17T21:59:40.003295,1.0120085265709535,0.47286505464075557,0.5517974583395144,terbinafine,coordinates_highestspeed_20250415_9_1_with_time_speed.csv,9.0,0.06918727905090209,20250415_piworm09_1,9.0
8869.0,2025-04-17T21:59:42.003276,0.3629586805366573,0.47414570779056764,0.5509087191330182,terbinafine,coordinates_highestspeed_20250415_9_1_with_time_speed.csv,9.0,-0.02616837938057793,20250415_piworm09_1,9.0
8870.0,2025-04-17T21:59:44.003462,0.16051817771166285,0.475113355649723,0.5501119044394136,terbinafine,coordinates_highestspeed_20250415_9_1_with_time_speed.csv,9.0,0.032945218965492025,20250415_piworm09_1,9.0
8871.0,2025-04-17T21:59:46.003395,0.8683190116852486,0.4770479312731111,0.5488295039109738,terbinafine,coordinates_highestspeed_20250415_9_1_with_time_speed.csv,9.0,0.15227628616544356,20250415_piworm09_1,9.0
8872.0,2025-04-17T21:59:48.003367,0.43194063471859867,0.4787012866242884,0.548651933921846,terbinafine,coordinates_highestspeed_20250415_9_1_with_time_speed.csv,9.0,-0.7025776288478757,20250415_piworm09_1,9.0
8873.0,2025-04-17T21:59:50.003345,-0.41154011257442813,0.4784368576090872,0.5483643093789956,terbinafine,coordinates_highestspeed_20250415_9_1_with_time_speed.csv,9.0,-0.4248995345598845,20250415_piworm09_1,9.0
8874.0,2025-04-17T21:59:52.003294,2.5332712198957252,0.47421368025584504,0.5507125780109914,terbinafine,coordinates_highestspeed_20250415_9_1_with_time_speed.csv,9.0,0.37214251683816074,20250415_piworm09_1,9.0
8875.0,2025-04-17T21:59:54.003387,-0.4897589387256119,0.47399849882762424,0.5505450052806727,terbinafine,coordinates_highestspeed_20250415_9_1_with_time_speed.csv,9.0,-0.44650355259058605,20250415_piworm09_1,9.0
8876.0,2025-04-17T21:59:56.003336,0.01015550403295963,0.4732410509610298,0.5512381288258559,terbinafine,coordinates_highestspeed_20250415_9_1_with_time_speed.csv,9.0,-0.06204838909480312,20250415_piworm09_1,9.0
8877.0,2025-04-17T21:59:58.003297,-0.0019263649921860157,0.47264301119441304,0.5520501694567115,terbinafine,coordinates_highestspeed_20250415_9_1_with_time_speed.csv,9.0,-0.6637124237000795,20250415_piworm09_1,9.0
8878.0,2025-04-17T22:00:00.003270,-0.23521891978009107,0.47329488964008753,0.5521290799079625,terbinafine,coordinates_highestspeed_20250415_9_1_with_time_speed.csv,9.0,-0.5156392186011465,20250415_piworm09_1,9.0
8879.0,2025-04-17T22:00:02.003461,-0.3509807833465454,0.47332924586143466,0.5516482634929549,terbinafine,coordinates_highestspeed_20250415_9_1_with_time_speed.csv,9.0,0.030893518882009068,20250415_piworm09_1,9.0
8880.0,2025-04-17T22:00:04.003389,-0.4811453689195424,0.47337713132929077,0.5513665798156719,terbinafine,coordinates_highestspeed_20250415_9_1_with_time_speed.csv,9.0,0.4761142980537818,20250415_piworm09_1,9.0
8881.0,2025-04-17T22:00:06.003268,0.06536805639393033,0.474482288441326,0.5514700451666051,terbinafine,coordinates_highestspeed_20250415_9_1_with_time_speed.csv,9.0,-0.2965349776010756,20250415_piworm09_1,9.0
8882.0,2025-04-17T22:00:08.003459,0.13437441143001524,0.47529421945309797,0.5505674232309746,terbinafine,coordinates_highestspeed_20250415_9_1_with_time_speed.csv,9.0,0.013813650999182327,20250415_piworm09_1,9.0
8883.0,2025-04-17T22:00:10.003443,-0.048206200552148075,0.47595167540460454,0.5498974242078869,terbinafine,coordinates_highestspeed_20250415_9_1_with_time_speed.csv,9.0,0.033454366362570556,20250415_piworm09_1,9.0
8884.0,2025-04-17T22:00:12.003367,-0.4345836173640983,0.47622625812641306,0.5496709180079302,terbinafine,coordinates_highestspeed_20250415_9_1_with_time_speed.csv,9.0,0.07870300508843311,20250415_piworm09_1,9.0
8885.0,2025-04-17T22:00:14.003328,-0.3553270712192378,0.4766559494291709,0.5494673169668401,terbinafine,coordinates_highestspeed_20250415_9_1_with_time_speed.csv,9.0,0.9271977931839591,20250415_piworm09_1,9.0
8886.0,2025-04-17T22:00:16.003305,-0.5559277579244695,0.4765205281683393,0.5495748717588365,terbinafine,coordinates_highestspeed_20250415_9_1_with_time_speed.csv,9.0,0.04372588965140035,20250415_piworm09_1,9.0
8887.0,2025-04-17T22:00:18.003368,0.40714563605430415,0.47512122946034824,0.5504019789734076,terbinafine,coordinates_highestspeed_20250415_9_1_with_time_speed.csv,9.0,-0.9949461689379585,20250415_piworm09_1,9.0
8888.0,2025-04-17T22:00:20.003331,0.4410918104213199,0.4765779660236637,0.5495718429169927,terbinafine,coordinates_highestspeed_20250415_9_1_with_time_speed.csv,9.0,-0.0884177511500769,20250415_piworm09_1,9.0
8889.0,2025-04-17T22:00:22.003311,0.09707142998518965,0.47738815152229114,0.5487447315374748,terbinafine,coordinates_highestspeed_20250415_9_1_with_time_speed.csv,9.0,0.07584779486144345,20250415_piworm09_1,9.0
8890.0,2025-04-17T22:00:24.003280,-0.11518777090471606,0.4780990037999384,0.5483015815959742,terbinafine,coordinates_highestspeed_20250415_9_1_with_time_speed.csv,9.0,-0.023746210293784972,20250415_piworm09_1,9.0
8891.0,2025-04-17T22:00:26.003454,-0.5204344525830953,0.4782817219075272,0.5481677835819928,terbinafine,coordinates_highestspeed_20250415_9_1_with_time_speed.csv,9.0,-0.9558316663339369,20250415_piworm09_1,9.0
8892.0,2025-04-17T22:00:28.003428,1.002638867667395,0.47605898774123073,0.5493627867459644,terbinafine,coordinates_highestspeed_20250415_9_1_with_time_speed.csv,9.0,-0.09315143809133541,20250415_piworm09_1,9.0
8893.0,2025-04-17T22:00:30.003369,0.8180080821463084,0.4744722921701509,0.5509511979404326,terbinafine,coordinates_highestspeed_20250415_9_1_with_time_speed.csv,9.0,-0.862297734887089,20250415_piworm09_1,9.0
8894.0,2025-04-17T22:00:32.003336,-0.46624171762878264,0.47476145564116073,0.5508445511446455,terbinafine,coordinates_highestspeed_20250415_9_1_with_time_speed.csv,9.0,-0.11419441815826864,20250415_piworm09_1,9.0
8895.0,2025-04-17T22:00:34.003317,0.28964235336173655,0.4758577780082181,0.5498982462052964,terbinafine,coordinates_highestspeed_20250415_9_1_with_time_speed.csv,9.0,0.006055457909518783,20250415_piworm09_1,9.0
8896.0,2025-04-17T22:00:36.003267,0.8536555561230417,0.4776263087625606,0.5484294849272714,terbinafine,coordinates_highestspeed_20250415_9_1_with_time_speed.csv,9.0,0.18879155872236333,20250415_piworm09_1,9.0
8897.0,2025-04-17T22:00:38.003418,-0.5320300974736277,0.4778342449430782,0.5484086308626556,terbinafine,coordinates_highestspeed_20250415_9_1_with_time_speed.csv,9.0,-0.05284235128113845,20250415_piworm09_1,9.0
8898.0,2025-04-17T22:00:40.003397,0.4166734074574819,0.47941642397116707,0.5479776143666512,terbinafine,coordinates_highestspeed_20250415_9_1_with_time_speed.csv,9.0,-0.015539802422652453,20250415_piworm09_1,9.0
8899.0,2025-04-17T22:00:42.003365,0.21468053304963872,0.48068600323781147,0.5475642241184703,terbinafine,coordinates_highestspeed_20250415_9_1_with_time_speed.csv,9.0,0.11383893796675063,20250415_piworm09_1,9.0
8900.0,2025-04-17T22:00:44.003331,0.0637055171412585,0.48179246894753824,0.5476116654749777,terbinafine,coordinates_highestspeed_20250415_9_1_with_time_speed.csv,9.0,-0.23847099408503025,20250415_piworm09_1,9.0
8901.0,2025-04-17T22:00:46.003291,-0.28688882607848426,0.48223272055047756,0.5472360583341892,terbinafine,coordinates_highestspeed_20250415_9_1_with_time_speed.csv,9.0,0.9421984098837117,20250415_piworm09_1,9.0
8902.0,2025-04-17T22:00:48.003277,-0.47394916798220105,0.4820455710299356,0.5474661317775992,terbinafine,coordinates_highestspeed_20250415_9_1_with_time_speed.csv,9.0,-0.760351330788904,20250415_piworm09_1,9.0
8903.0,2025-04-17T22:00:50.003465,-0.017649053818501733,0.48302138700657476,0.5473335516537773,terbinafine,coordinates_highestspeed_20250415_9_1_with_time_speed.csv,9.0,0.9339608047312287,20250415_piworm09_1,9.0
8904.0,2025-04-17T22:00:52.003398,0.2751174934549132,0.4816778961095414,0.5478125873257366,terbinafine,coordinates_highestspeed_20250415_9_1_with_time_speed.csv,9.0,0.023262632858588494,20250415_piworm09_1,9.0
8905.0,2025-04-17T22:00:54.003369,1.841570003906094,0.47802568372950877,0.548821108557114,terbinafine,coordinates_highestspeed_20250415_9_1_with_time_speed.csv,9.0,-0.08096249542489146,20250415_piworm09_1,9.0
8906.0,2025-04-17T22:00:56.003336,1.1094270145171123,0.4757009345794393,0.550163854836752,terbinafine,coordinates_highestspeed_20250415_9_1_with_time_speed.csv,9.0,0.06618762324331344,20250415_piworm09_1,9.0
8907.0,2025-04-17T22:00:58.003301,-0.2691414554118134,0.47512540993168884,0.5503519255447392,terbinafine,coordinates_highestspeed_20250415_9_1_with_time_speed.csv,9.0,0.1023758533097063,20250415_piworm09_1,9.0
8908.0,2025-04-17T22:01:00.003266,-0.32574538223917004,0.4746053156786368,0.5503489188333586,terbinafine,coordinates_highestspeed_20250415_9_1_with_time_speed.csv,9.0,0.7969723624526169,20250415_piworm09_1,9.0
8909.0,2025-04-17T22:01:02.003512,0.2916351619479736,0.47577621225463734,0.549491520609039,terbinafine,coordinates_highestspeed_20250415_9_1_with_time_speed.csv,9.0,0.9688143983174223,20250415_piworm09_1,9.0
8910.0,2025-04-17T22:01:04.003389,-0.09200920354435517,0.47512596359635295,0.5500734647872205,terbinafine,coordinates_highestspeed_20250415_9_1_with_time_speed.csv,9.0,-0.006133413330783763,20250415_piworm09_1,9.0
8911.0,2025-04-17T22:01:06.003329,0.4114814661286354,0.47393105337030567,0.5511850558579531,terbinafine,coordinates_highestspeed_20250415_9_1_with_time_speed.csv,9.0,-0.9088166398395101,20250415_piworm09_1,9.0
8912.0,2025-04-17T22:01:08.003463,-0.565911867953575,0.4740723214637801,0.5511145662571192,terbinafine,coordinates_highestspeed_20250415_9_1_with_time_speed.csv,9.0,-0.19533135022891548,20250415_piworm09_1,9.0
8913.0,2025-04-17T22:01:10.003469,-0.5719257643769529,0.47414292017396586,0.550983571801028,terbinafine,coordinates_highestspeed_20250415_9_1_with_time_speed.csv,9.0,-0.08227292988129616,20250415_piworm09_1,9.0
8914.0,2025-04-17T22:01:12.003278,-0.08960033726983094,0.47434767392121535,0.5501315670084385,terbinafine,coordinates_highestspeed_20250415_9_1_with_time_speed.csv,9.0,-0.866688784048555,20250415_piworm09_1,9.0
8915.0,2025-04-17T22:01:14.003462,-0.29515316484996096,0.4740028958799526,0.550580743025129,terbinafine,coordinates_highestspeed_20250415_9_1_with_time_speed.csv,9.0,0.06962981619631728,20250415_piworm09_1,9.0
8916.0,2025-04-17T22:01:16.003417,-0.0687626955130322,0.4733071325147145,0.5511636798987068,terbinafine,coordinates_highestspeed_20250415_9_1_with_time_speed.csv,9.0,-0.09458321935625129,20250415_piworm09_1,9.0
8917.0,2025-04-17T22:01:18.003368,-0.11888382967547413,0.4728537274505542,0.5518613965908032,terbinafine,coordinates_highestspeed_20250415_9_1_with_time_speed.csv,9.0,0.16489533259620737,20250415_piworm09_1,9.0
8918.0,2025-04-17T22:01:20.003341,0.2705267387464196,0.4715924262653235,0.5525124408301978,terbinafine,coordinates_highestspeed_20250415_9_1_with_time_speed.csv,9.0,0.9446089706796015,20250415_piworm09_1,9.0
8919.0,2025-04-17T22:01:22.003320,0.08942097465261088,0.4725045935835239,0.5518182659387434,terbinafine,coordinates_highestspeed_20250415_9_1_with_time_speed.csv,9.0,0.11848094813558994,20250415_piworm09_1,9.0
8920.0,2025-04-17T22:01:24.003270,0.1280303300340876,0.4736627490183956,0.5514873690372056,terbinafine,coordinates_highestspeed_20250415_9_1_with_time_speed.csv,9.0,0.02432004269903514,20250415_piworm09_1,9.0
8921.0,2025-04-17T22:01:26.003463,-0.2586779959698428,0.474271386238562,0.551362792666645,terbinafine,coordinates_highestspeed_20250415_9_1_with_time_speed.csv,9.0,-0.598782638128461,20250415_piworm09_1,9.0
8922.0,2025-04-17T22:01:28.003402,-0.5721357061846795,0.47419860785254125,0.5512333596899426,terbinafine,coordinates_highestspeed_20250415_9_1_with_time_speed.csv,9.0,0.6630469463233317,20250415_piworm09_1,9.0
8923.0,2025-04-17T22:01:30.003371,-0.6705899134319145,0.47419860785254125,0.5512333596899426,terbinafine,coordinates_highestspeed_20250415_9_1_with_time_speed.csv,9.0,0.599480801279304,20250415_piworm09_1,9.0
8924.0,2025-04-17T22:01:32.003350,-0.5273339395137027,0.47413217623498,0.5514389556445631,terbinafine,coordinates_highestspeed_20250415_9_1_with_time_speed.csv,9.0,0.37653491842954523,20250415_piworm09_1,9.0
8925.0,2025-04-17T22:01:34.003292,-0.4578171545609223,0.4738121777048297,0.5514631128967064,terbinafine,coordinates_highestspeed_20250415_9_1_with_time_speed.csv,9.0,-0.28608148873534933,20250415_piworm09_1,9.0
8926.0,2025-04-17T22:01:36.003407,-0.1495572610078449,0.4733706076806922,0.5521131523253713,terbinafine,coordinates_highestspeed_20250415_9_1_with_time_speed.csv,9.0,0.11321402452491566,20250415_piworm09_1,9.0
8927.0,2025-04-17T22:01:38.003326,-0.423887194490578,0.47306743780644933,0.5523288693512748,terbinafine,coordinates_highestspeed_20250415_9_1_with_time_speed.csv,9.0,0.9923939204823938,20250415_piworm09_1,9.0
8928.0,2025-04-17T22:01:40.003316,0.22228035184804654,0.47414570779056764,0.5515221496529907,terbinafine,coordinates_highestspeed_20250415_9_1_with_time_speed.csv,9.0,-0.19134999685533838,20250415_piworm09_1,9.0
8929.0,2025-04-17T22:01:42.003370,-0.07010298870609089,0.47443689430019464,0.5506645676822829,terbinafine,coordinates_highestspeed_20250415_9_1_with_time_speed.csv,9.0,0.43421306879973615,20250415_piworm09_1,9.0
8930.0,2025-04-17T22:01:44.003343,-0.2687932571609712,0.4750384883193541,0.550737506467954,terbinafine,coordinates_highestspeed_20250415_9_1_with_time_speed.csv,9.0,-0.7463163488208318,20250415_piworm09_1,9.0
8931.0,2025-04-17T22:01:46.003305,-0.502998421515274,0.4748848805209667,0.5505367701152557,terbinafine,coordinates_highestspeed_20250415_9_1_with_time_speed.csv,9.0,0.5417079902562585,20250415_piworm09_1,9.0
8932.0,2025-04-17T22:01:48.003276,-0.14336533870528365,0.47557409879839785,0.5501401869158878,terbinafine,coordinates_highestspeed_20250415_9_1_with_time_speed.csv,9.0,-0.021638635039470836,20250415_piworm09_1,9.0
8933.0,2025-04-17T22:01:50.003493,-0.42321614594696993,0.4758840933640164,0.5499325734144689,terbinafine,coordinates_highestspeed_20250415_9_1_with_time_speed.csv,9.0,-0.0673368068035917,20250415_piworm09_1,9.0
8934.0,2025-04-17T22:01:52.003388,-0.6067941009357655,0.47595101421184255,0.5498634388999206,terbinafine,coordinates_highestspeed_20250415_9_1_with_time_speed.csv,9.0,0.8939189111766456,20250415_piworm09_1,9.0
8935.0,2025-04-17T22:01:54.003264,-0.4794234881253897,0.475829286069026,0.5501248040866084,terbinafine,coordinates_highestspeed_20250415_9_1_with_time_speed.csv,9.0,-0.7916594527821965,20250415_piworm09_1,9.0
8936.0,2025-04-17T22:01:56.003462,0.057600182735985175,0.47680324184339584,0.5496172451040248,terbinafine,coordinates_highestspeed_20250415_9_1_with_time_speed.csv,9.0,0.8913232629356999,20250415_piworm09_1,9.0
8937.0,2025-04-17T22:01:58.003398,-0.48059099571797126,0.47660812707541683,0.5498271199205779,terbinafine,coordinates_highestspeed_20250415_9_1_with_time_speed.csv,9.0,0.03557221310614559,20250415_piworm09_1,9.0
8938.0,2025-04-17T22:02:00.003262,0.7897498158005385,0.4749379262848202,0.5512629206966755,terbinafine,coordinates_highestspeed_20250415_9_1_with_time_speed.csv,9.0,0.5866642168935443,20250415_piworm09_1,9.0
8939.0,2025-04-17T22:02:02.003471,-0.4164583653183152,0.4747754287269758,0.5509157841523326,terbinafine,coordinates_highestspeed_20250415_9_1_with_time_speed.csv,9.0,-0.5436331309160946,20250415_piworm09_1,9.0
8940.0,2025-04-17T22:02:04.003389,0.08347210429306544,0.47382095045646444,0.551534177702402,terbinafine,coordinates_highestspeed_20250415_9_1_with_time_speed.csv,9.0,0.9485139515127073,20250415_piworm09_1,9.0
8941.0,2025-04-17T22:02:06.003265,0.7159118878632751,0.47536993769470404,0.5501293391188251,terbinafine,coordinates_highestspeed_20250415_9_1_with_time_speed.csv,9.0,0.9871927629730461,20250415_piworm09_1,9.0
8942.0,2025-04-17T22:02:08.003466,-0.3109610209873323,0.47498314584462453,0.5505095903448822,terbinafine,coordinates_highestspeed_20250415_9_1_with_time_speed.csv,9.0,0.28372113113473135,20250415_piworm09_1,9.0
8943.0,2025-04-17T22:02:10.003390,-0.5268041262474666,0.47476770373966637,0.5504848215128588,terbinafine,coordinates_highestspeed_20250415_9_1_with_time_speed.csv,9.0,0.774414387624632,20250415_piworm09_1,9.0
8944.0,2025-04-17T22:02:12.003268,-0.07563504835489393,0.4755112079263579,0.5499824327173074,terbinafine,coordinates_highestspeed_20250415_9_1_with_time_speed.csv,9.0,-0.6089151428656792,20250415_piworm09_1,9.0
8945.0,2025-04-17T22:02:14.003449,-0.5561425434092406,0.47537218082891886,0.5498801269075614,terbinafine,coordinates_highestspeed_20250415_9_1_with_time_speed.csv,9.0,-0.4639488144163936,20250415_piworm09_1,9.0
8946.0,2025-04-17T22:02:16.003392,-0.18909573125736515,0.4748784216606598,0.5504126399966796,terbinafine,coordinates_highestspeed_20250415_9_1_with_time_speed.csv,9.0,-0.7590832463308744,20250415_piworm09_1,9.0
8947.0,2025-04-17T22:02:18.003259,-0.5156474185279744,0.4751115966069237,0.5503971625466954,terbinafine,coordinates_highestspeed_20250415_9_1_with_time_speed.csv,9.0,-0.171464400247404,20250415_piworm09_1,9.0
8948.0,2025-04-17T22:02:20.003439,-0.31765193895497973,0.47554943724620735,0.550094426420028,terbinafine,coordinates_highestspeed_20250415_9_1_with_time_speed.csv,9.0,-0.010030761480888058,20250415_piworm09_1,9.0
8949.0,2025-04-17T22:02:22.003389,-0.27298960094829405,0.47603169384975613,0.5497380091378119,terbinafine,coordinates_highestspeed_20250415_9_1_with_time_speed.csv,9.0,0.19634709635831193,20250415_piworm09_1,9.0
8950.0,2025-04-17T22:02:24.003371,-0.614480452965811,0.4761163032191069,0.5497363488017692,terbinafine,coordinates_highestspeed_20250415_9_1_with_time_speed.csv,9.0,-0.3304299800520706,20250415_piworm09_1,9.0
8951.0,2025-04-17T22:02:26.003309,-0.053384955153216576,0.47657325484065105,0.5489253374101566,terbinafine,coordinates_highestspeed_20250415_9_1_with_time_speed.csv,9.0,-0.09944422309100162,20250415_piworm09_1,9.0
8952.0,2025-04-17T22:02:28.003287,-0.6229199930414648,0.4765875868679607,0.5488548834343228,terbinafine,coordinates_highestspeed_20250415_9_1_with_time_speed.csv,9.0,-0.8920958803280924,20250415_piworm09_1,9.0
8953.0,2025-04-17T22:02:30.003359,-0.14671356519026024,0.47618157543391193,0.5495327102803739,terbinafine,coordinates_highestspeed_20250415_9_1_with_time_speed.csv,9.0,-0.9225325167639234,20250415_piworm09_1,9.0
8954.0,2025-04-17T22:02:32.003361,0.21236529434540605,0.47712100983129024,0.5485888493035277,terbinafine,coordinates_highestspeed_20250415_9_1_with_time_speed.csv,9.0,-0.7868102056332832,20250415_piworm09_1,9.0
8955.0,2025-04-17T22:02:34.003287,-0.5321496588026109,0.4769136626613262,0.5486134290164664,terbinafine,coordinates_highestspeed_20250415_9_1_with_time_speed.csv,9.0,-0.1878509326352294,20250415_piworm09_1,9.0
8956.0,2025-04-17T22:02:36.003362,0.8365829628176232,0.4751870418419528,0.5500919464946974,terbinafine,coordinates_highestspeed_20250415_9_1_with_time_speed.csv,9.0,0.06965485278874849,20250415_piworm09_1,9.0
8957.0,2025-04-17T22:02:38.003318,-0.36369620773265343,0.4747784925355019,0.5503095035805317,terbinafine,coordinates_highestspeed_20250415_9_1_with_time_speed.csv,9.0,0.8339103558097443,20250415_piworm09_1,9.0
8958.0,2025-04-17T22:02:40.003332,-0.3364048867775448,0.47504609320363655,0.5498823828596859,terbinafine,coordinates_highestspeed_20250415_9_1_with_time_speed.csv,9.0,0.11639270436382991,20250415_piworm09_1,9.0
8959.0,2025-04-17T22:02:42.003265,0.45136878062054264,0.4763978498381787,0.5488644545257552,terbinafine,coordinates_highestspeed_20250415_9_1_with_time_speed.csv,9.0,0.06398836522626956,20250415_piworm09_1,9.0
8960.0,2025-04-17T22:02:44.002538,-0.023791823201822715,0.4772786053306678,0.5484450471483794,terbinafine,coordinates_highestspeed_20250415_9_1_with_time_speed.csv,9.0,0.3040982187541061,20250415_piworm09_1,9.0
8961.0,2025-04-17T22:02:46.003312,-0.5915246224930449,0.47738262415517757,0.548503358536771,terbinafine,coordinates_highestspeed_20250415_9_1_with_time_speed.csv,9.0,-0.11709462972744442,20250415_piworm09_1,9.0
8962.0,2025-04-17T22:02:48.003266,-0.3736265918582982,0.47782593540155344,0.5485672193466494,terbinafine,coordinates_highestspeed_20250415_9_1_with_time_speed.csv,9.0,-0.009904209236660431,20250415_piworm09_1,9.0
8963.0,2025-04-17T22:02:50.003453,-0.29203846480622525,0.4783933016215926,0.5486310054947635,terbinafine,coordinates_highestspeed_20250415_9_1_with_time_speed.csv,9.0,-0.24535949344891736,20250415_piworm09_1,9.0
8964.0,2025-04-17T22:02:52.003392,-0.09205708222920872,0.47908322207387627,0.5480968088169847,terbinafine,coordinates_highestspeed_20250415_9_1_with_time_speed.csv,9.0,-0.863835302192847,20250415_piworm09_1,9.0
8965.0,2025-04-17T22:02:54.003262,-0.46953289507381646,0.4787880439225089,0.5481662624996594,terbinafine,coordinates_highestspeed_20250415_9_1_with_time_speed.csv,9.0,0.07230196410643334,20250415_piworm09_1,9.0
8966.0,2025-04-17T22:02:56.003452,-0.3130357127918659,0.4782487761459724,0.548168391188251,terbinafine,coordinates_highestspeed_20250415_9_1_with_time_speed.csv,9.0,0.975305696643469,20250415_piworm09_1,9.0
8967.0,2025-04-17T22:02:58.003392,-0.46906382526622203,0.4785517131650491,0.5481436388414259,terbinafine,coordinates_highestspeed_20250415_9_1_with_time_speed.csv,9.0,0.07707125618920661,20250415_piworm09_1,9.0
8968.0,2025-04-17T22:03:00.003369,-0.39628514671160114,0.47896010247165427,0.5482097958021862,terbinafine,coordinates_highestspeed_20250415_9_1_with_time_speed.csv,9.0,0.29472187428254365,20250415_piworm09_1,9.0
8969.0,2025-04-17T22:03:02.003325,-0.6216836600544239,0.4789944450977815,0.5482750748839558,terbinafine,coordinates_highestspeed_20250415_9_1_with_time_speed.csv,9.0,0.6982603104627012,20250415_piworm09_1,9.0
8970.0,2025-04-17T22:03:04.003290,-0.5685124385331839,0.4788419647248964,0.5482538121003443,terbinafine,coordinates_highestspeed_20250415_9_1_with_time_speed.csv,9.0,0.5444828750717853,20250415_piworm09_1,9.0
8971.0,2025-04-17T22:03:06.003359,-0.602752927622235,0.47887007237720464,0.5481554353172652,terbinafine,coordinates_highestspeed_20250415_9_1_with_time_speed.csv,9.0,-0.6831975148542373,20250415_piworm09_1,9.0
8972.0,2025-04-17T22:03:08.003315,-0.6255171713039853,0.4788050734312417,0.5481753449043169,terbinafine,coordinates_highestspeed_20250415_9_1_with_time_speed.csv,9.0,-0.05914810693693418,20250415_piworm09_1,9.0
8973.0,2025-04-17T22:03:10.003302,0.1795549166951196,0.4776695725018979,0.5487709102332522,terbinafine,coordinates_highestspeed_20250415_9_1_with_time_speed.csv,9.0,-0.021517768143982933,20250415_piworm09_1,9.0
8974.0,2025-04-17T22:03:12.003260,0.045749472762486865,0.47674887271078414,0.5493362218807466,terbinafine,coordinates_highestspeed_20250415_9_1_with_time_speed.csv,9.0,0.9062825768169033,20250415_piworm09_1,9.0
8975.0,2025-04-17T22:03:14.003433,-0.2225792076228418,0.4771973191978744,0.5488307842800302,terbinafine,coordinates_highestspeed_20250415_9_1_with_time_speed.csv,9.0,0.18690640404487727,20250415_piworm09_1,9.0
8976.0,2025-04-17T22:03:16.003437,-0.10712210051878139,0.4780190513084804,0.5486140415199541,terbinafine,coordinates_highestspeed_20250415_9_1_with_time_speed.csv,9.0,0.9015356790013968,20250415_piworm09_1,9.0
8977.0,2025-04-17T22:03:18.003395,0.01822595939788324,0.47714285714285715,0.5491722296395193,terbinafine,coordinates_highestspeed_20250415_9_1_with_time_speed.csv,9.0,0.001207356214173739,20250415_piworm09_1,9.0
8978.0,2025-04-17T22:03:20.003320,0.17907858654424566,0.47605944982480874,0.5498566616741103,terbinafine,coordinates_highestspeed_20250415_9_1_with_time_speed.csv,9.0,0.004988773927430495,20250415_piworm09_1,9.0
8979.0,2025-04-17T22:03:22.003293,-0.22551354815747374,0.47548638649210556,0.5502062451427774,terbinafine,coordinates_highestspeed_20250415_9_1_with_time_speed.csv,9.0,0.9589197734713704,20250415_piworm09_1,9.0
8980.0,2025-04-17T22:03:24.003261,0.5116152505231674,0.47687638500818963,0.5490895076596974,terbinafine,coordinates_highestspeed_20250415_9_1_with_time_speed.csv,9.0,0.09480483734569509,20250415_piworm09_1,9.0
8981.0,2025-04-17T22:03:26.003445,0.18596091904455608,0.47807658889100807,0.5486115526168931,terbinafine,coordinates_highestspeed_20250415_9_1_with_time_speed.csv,9.0,-0.09058989402410102,20250415_piworm09_1,9.0
8982.0,2025-04-17T22:03:28.003393,-0.42327002038620853,0.47837044758430136,0.548381799618743,terbinafine,coordinates_highestspeed_20250415_9_1_with_time_speed.csv,9.0,-0.8188929937812928,20250415_piworm09_1,9.0
8983.0,2025-04-17T22:03:30.003363,-0.6076863640529704,0.4782759992046133,0.5483907621509531,terbinafine,coordinates_highestspeed_20250415_9_1_with_time_speed.csv,9.0,0.18298207567295627,20250415_piworm09_1,9.0
8984.0,2025-04-17T22:03:32.003330,-0.541067687756944,0.4781027481085892,0.5483005117935025,terbinafine,coordinates_highestspeed_20250415_9_1_with_time_speed.csv,9.0,-0.360823288060904,20250415_piworm09_1,9.0
8985.0,2025-04-17T22:03:34.003287,-0.5776008116254117,0.4779913805626846,0.548385757867139,terbinafine,coordinates_highestspeed_20250415_9_1_with_time_speed.csv,9.0,-0.9106286139712298,20250415_piworm09_1,9.0
8986.0,2025-04-17T22:03:36.003262,-0.48170239159798084,0.4782567232500477,0.548282063159042,terbinafine,coordinates_highestspeed_20250415_9_1_with_time_speed.csv,9.0,-0.14838053865269682,20250415_piworm09_1,9.0
8987.0,2025-04-17T22:03:38.003448,-0.5664401827672667,0.47836172135237554,0.5481652304082211,terbinafine,coordinates_highestspeed_20250415_9_1_with_time_speed.csv,9.0,0.31109610809536675,20250415_piworm09_1,9.0
8988.0,2025-04-17T22:03:40.003409,-0.5028658087874459,0.4786122597119784,0.5482001892490959,terbinafine,coordinates_highestspeed_20250415_9_1_with_time_speed.csv,9.0,0.9838727401453274,20250415_piworm09_1,9.0
8989.0,2025-04-17T22:03:42.003358,-0.48310542726052297,0.47833058457027666,0.5481753449043169,terbinafine,coordinates_highestspeed_20250415_9_1_with_time_speed.csv,9.0,0.7847272965008726,20250415_piworm09_1,9.0
8990.0,2025-04-17T22:03:44.003326,-0.16865359579766537,0.4789603384944437,0.5477552159097703,terbinafine,coordinates_highestspeed_20250415_9_1_with_time_speed.csv,9.0,0.8765739794861577,20250415_piworm09_1,9.0
8991.0,2025-04-17T22:03:46.003294,-0.49810493542270023,0.478814585250109,0.5479706966802023,terbinafine,coordinates_highestspeed_20250415_9_1_with_time_speed.csv,9.0,-0.15946177802830125,20250415_piworm09_1,9.0
8992.0,2025-04-17T22:03:48.003265,-0.5244240281080155,0.4787939474855363,0.5481901794985906,terbinafine,coordinates_highestspeed_20250415_9_1_with_time_speed.csv,9.0,0.4000048849055515,20250415_piworm09_1,9.0
8993.0,2025-04-17T22:03:50.003441,-0.28963044488595086,0.4782332727790059,0.5483157871697782,terbinafine,coordinates_highestspeed_20250415_9_1_with_time_speed.csv,9.0,0.24064438469985708,20250415_piworm09_1,9.0
8994.0,2025-04-17T22:03:52.003391,-0.595377665169253,0.4781357221815467,0.5482578922434214,terbinafine,coordinates_highestspeed_20250415_9_1_with_time_speed.csv,9.0,0.5776772431934616,20250415_piworm09_1,9.0
8995.0,2025-04-17T22:03:54.003357,-0.6274778878741979,0.4781814348956503,0.5482116506218818,terbinafine,coordinates_highestspeed_20250415_9_1_with_time_speed.csv,9.0,0.12359295412449364,20250415_piworm09_1,9.0
8996.0,2025-04-17T22:03:56.003315,-0.5961114639106385,0.4782847718526663,0.5481676102896553,terbinafine,coordinates_highestspeed_20250415_9_1_with_time_speed.csv,9.0,-0.02943523770357172,20250415_piworm09_1,9.0
8997.0,2025-04-17T22:03:58.003312,-0.5464285697625639,0.4784495269054392,0.5480785975503569,terbinafine,coordinates_highestspeed_20250415_9_1_with_time_speed.csv,9.0,0.1050108554189098,20250415_piworm09_1,9.0
8998.0,2025-04-17T22:04:00.003261,-0.2577634986926828,0.47906365997153716,0.5479760559867369,terbinafine,coordinates_highestspeed_20250415_9_1_with_time_speed.csv,9.0,-0.7723267857272844,20250415_piworm09_1,9.0
8999.0,2025-04-17T22:04:02.003439,-0.34256059385197557,0.47864183209671185,0.5477175395974232,terbinafine,coordinates_highestspeed_20250415_9_1_with_time_speed.csv,9.0,0.969003771781394,20250415_piworm09_1,9.0
9000.0,2025-04-17T22:04:04.003391,-0.4560837335643875,0.47893280426042917,0.547858970247108,terbinafine,coordinates_highestspeed_20250415_9_1_with_time_speed.csv,9.0,0.9216402483912893,20250415_piworm09_1,9.0
9001.0,2025-04-17T22:04:06.003257,-0.34360303786794527,0.47845008814699524,0.5477579682670817,terbinafine,coordinates_highestspeed_20250415_9_1_with_time_speed.csv,9.0,0.0,20250415_piworm09_1,9.0
9001.0,2025-04-17T22:04:06.003257,-0.34360303786794527,0.47845008814699524,0.5477579682670817,terbinafine,coordinates_highestspeed_20250415_9_1_with_time_speed.csv,9.0,0.0,20250415_piworm09_1,9.0
